343 4947 5002 8623
7542 9508
6274 9152
1206 8629
8029 1967
7055 7612
4123 9201
3199 6677
1605 6658
8150 5101
1762 7137
2151 3534
5483 7808
1928 2739
3072 6916
6198 8369
542 7825
7996 729
9086 3168
6269 8528
1048 7977
6839 4859
1002 3246
8017 1902
4624 683
7598 7777
266 9929
5924 5122
4704 4007
4025 8466
7224 8467
5557 1112
5769 8685
7069 6298
1205 2469
7590 8436
389 9621
4053 3785
297 7291
2532 2236
9790 25
8114 2389
9317 8421
8102 612
1900 2873
6024 5079
9143 7802
1304 2580
2420 5727
9089 2316
6176 1718
697 2155
3092 9162
7387 645
5876 2138
4824 7412
1475 1788
8675 7199
353 3167
1794 7347
582 6457
4397 8331
6444 2511
9292 2586
8317 1472
1364 4570
8201 215
6059 8071
9327 5959
9297 155
1033 7457
4736 9762
8048 8612
3603 7355
9127 4105
2227 9253
3932 1742
1734 9719
7321 2365
5710 580
9869 4800
2328 4403
774 253
9211 1260
5728 603
7871 4393
3869 1638
6314 3125
1720 4635
282 7832
8908 1937
3459 4211
9244 2111
638 6459
8480 6340
750 6962
249 8716
286 6232
5129 333
8988 7795
9401 2342
1627 8523
6234 7833
5383 2293
5427 8609
7999 2685
2083 7877
1672 7931
1341 8116
5158 8662
9615 2751
2779 9388
9852 908
4144 5152
1352 81
7995 1387
5647 2487
8431 6565
310 4936
7977 1410
6728 8344
1032 9871
8340 8065
4878 2371
7044 2354
4891 7013
5174 325
8179 6649
9563 2238
8670 5325
3689 230
941 5346
613 6612
7037 9595
9445 5106
7621 6404
138 3747
1933 1270
1719 2907
1047 1787
6030 1773
8108 8997
5189 982
6212 5322
4307 1781
7002 8071
6265 2652
7721 6498
7403 5686
9258 1728
1027 5283
2925 1937
4733 8486
6874 1426
8391 6909
4930 6655
1191 6883
9295 1916
2122 1944
156 9631
399 1715
5288 7663
8104 9550
139 7485
6026 5435
3867 6033
3649 9319
759 746
8847 6170
4264 6703
4107 4786
6930 7398
6851 346
6879 9382
3357 5805
4375 5459
5529 9626
1328 9311
9995 5262
3832 5182
8347 9389
5400 2955
3042 8897
3006 1872
6123 8548
3068 5951
7679 3452
5524 5612
4785 7890
812 7758
2670 757
4128 220
1060 8407
503 4022
7990 1448
751 3585
2337 9081
8356 4717
9386 3974
4355 7953
7340 5007
3258 4809
2736 8423
7779 2077
4102 5716
4526 2105
4449 6074
2512 7589
5261 5179
1895 4634
8394 8983
3881 4675
7796 9483
3614 8598
5096 806
6226 811
3534 2858
418 7662
7498 9318
7483 2636
628 8426
9920 2274
6921 8646
9135 6262
6569 766
9456 4207
2078 9721
9559 8357
1126 8583
7013 3252
4809 9181
6980 3295
9489 3715
8570 1590
5656 4849
90 5942
7695 9259
4005 9968
9062 1606
7753 9149
348 7351
2028 4330
1350 2018
8732 3813
3299 2060
6535 8915
2305 4231
7826 1447
1445 6625
2784 3206
76 7544
606 1719
675 3513
6511 2818
5715 9591
9295 9519
829 7863
2904 7458
7152 2649
1945 7470
4982 4757
8291 3595
8313 1175
3637 3464
1433 2558
8522 2436
8822 4547
9073 2803
6745 309
3655 7836
5507 5914
8098 3707
2765 7016
8085 4441
1326 368
4294 8796
4680 5313
8223 5318
9252 7010
3405 9499
9876 3047
1385 3156
1069 6858
697 6282
8790 101
713 6843
8994 4109
1963 9068
6659 4584
830 1297
3090 9196
2137 1065
8264 9726
7756 3508
6323 3754
3550 9734
6903 4155
7959 2459
4529 4941
2638 5907
6318 1802
5650 1225
9655 7451
9801 571
3350 9155
8659 4668
6180 2107
6409 680
909 319
4892 1342
9101 7189
9959 5035
6550 978
9939 4838
6149 9503
4539 1717
1945 4922
4979 1287
3545 912
1410 812
9924 7185
158 7167
5095 8881
3554 4796
7746 7279
1550 4209
49 1295
6805 9129
1843 615
4675 8676
7512 4962
4421 3846
4616 6941
2722 1257
7128 5122
7134 9997
8909 4079
1418 1916
7031 2791
9940 7668
7424 5143
7092 8869
7953 330
1668 650
8117 5850
9444 2930
6236 2733
3300 4961
2763 6312
2551 8153
6159 2296
7667 2623
144 1552
5299 5969
9877 4888
2098 9051
674 7006
1251 2369
7869 5552
5892 4285
5273 2072
3139 1278
5677 4204
3760 6175
779 6456
9153 718
240 1787
1509 5128
7475 4468
8724 6400
5030 5698
773 3228
3752 393
2255 9230
1482 931
7092 7211
419 8265
2879 4087
9156 6389
6946 5940
7792 9123
5190 3420
5735 1379
8811 8887
5496 6123
4894 3400
6827 9492
9254 9574
1298 9910
7526 5284
1949 4530
4693 9847
9364 1942
299 1974
8907 7422
5971 1085
7522 2784
8608 5907
507 7352
7493 2372
1581 3368
3733 5358
6037 3691
383 926
9011 3304
2788 9245
8863 1661
3990 3262
4429 5343
4056 3793
1079 6836
9979 8074
151 3808
5878 4042
883 3347
9067 3945
2417 5153
3702 8580
796 9335
3810 5672
1558 9372
2963 5602
4634 6725
2221 5861
8793 5346
1477 5164
3296 3700
1293 4744
3388 5659
5206 2228
7812 6340
43 5663
4237 8842
6828 3710
7958 5410
2466 5093
1532 8383
2234 1706
3873 4377
3439 3426
1587 16
5248 5537
1869 3902
649 8716
3859 8958
5191 5136
4128 1581
7860 5217
9329 7299
1364 5791
9897 8511
7902 3383
2880 6383
3631 4912
1465 9586
871 9011
2220 1780
641 7795
1092 4505
3794 335
8192 8111
9850 9000
218 7330
965 9951
523 7017
2377 6574
3012 7648
3528 3076
2114 1865
2657 5485
270 5737
7251 4272
8087 6180
2916 2348
940 64
4125 4823
3505 1029
7598 1785
8660 8902
3164 5550
5418 3680
4388 4448
7209 4296
5999 4571
8251 7564
5681 9226
1848 8308
64 2455
860 5577
913 4038
4414 8616
9010 459
2891 7553
3068 1983
49 1742
4416 3211
8700 7106
66 6589
1348 2802
7063 3790
180 8344
4097 3375
4382 4899
2974 5196
964 5143
925 3082
7989 9126
1136 6802
4670 3929
1557 9656
1227 4016
4521 6508
3148 2470
525 4742
8241 3475
1107 8057
8514 7123
3857 6069
4519 5634
6077 7992
4579 7871
1018 4906
817 1333
5222 9574
5970 3264
1919 7419
1245 7407
2562 6164
3822 7588
226 1912
4373 8232
6955 7489
4036 2867
4567 865
5268 5066
2283 9035
7852 3564
5077 3355
2997 9615
5691 1815
7247 950
8771 4977
1556 3687
6812 1107
4560 7693
2247 6930
5407 4165
3619 6346
916 3529
870 7949
6765 4356
4306 903
980 2883
9566 7680
2330 9206
3166 4207
1897 8411
4664 3422
9460 1977
5932 348
6055 3460
6305 7574
2819 5352
3627 3687
9945 8730
2439 9468
8744 7741
5049 2890
6644 7867
3997 8672
4121 9131
8777 5354
4526 8040
5033 6996
9500 196
6886 8939
7596 522
1894 3305
8051 6731
8084 5628
9255 5879
7735 3599
6767 3698
5462 4156
3362 1773
6778 1592
7980 7260
6227 6923
4682 951
3048 4778
318 6631
4186 9749
1844 3499
1871 8222
5846 1743
4839 9912
9783 8368
9416 8241
1396 5177
8586 827
2577 877
3633 7727
3418 5293
959 336
4295 4970
8622 7100
3683 3305
5310 2624
1693 7986
1755 3267
1827 7240
8309 1619
6933 6865
1809 9611
7843 7985
5527 9505
2364 2220
2200 9441
2997 6459
6330 6550
2539 1535
3926 875
3120 7739
6229 6477
3058 6792
6547 3410
3422 5318
9000 5337
2567 2014
793 6552
3484 1348
2492 6309
9443 9117
4735 1462
1105 5868
9626 5234
1655 5204
728 292
3313 7433
8498 9194
636 5332
6553 1051
1437 2117
6082 7045
3220 6863
6873 982
5665 9778
3066 1191
9042 7617
1432 4002
3003 4766
5372 7189
7165 1313
1754 8217
4590 8708
2024 5133
3516 1598
5916 8152
4794 1441
4871 7325
3034 7690
8241 4241
8995 8644
9568 1877
2138 9536
1249 5696
6001 4495
6191 5869
9959 9364
3885 124
362 7865
2454 4512
4839 1739
7466 4067
3862 4914
6397 7600
2745 4106
968 5312
6525 1130
8193 8521
1745 9877
6079 5054
7458 6328
9132 9020
5407 46
8192 5430
7556 4747
6963 5169
5235 3729
9402 7255
1177 5500
8014 7223
3139 3649
2950 1894
3527 878
9344 8829
1170 5363
8378 484
1785 7400
7054 8510
2607 8445
8660 3815
6722 967
43 7998
7143 5799
77 2795
1727 938
7344 6244
1862 8856
1915 3808
3377 7237
5493 4528
702 9362
4259 2192
6369 6478
3383 7835
6674 891
4648 2732
6840 4198
501 2172
3605 4952
4751 7728
801 6548
7102 232
8019 2133
8622 2929
5485 3246
5133 5369
2951 4131
3113 7359
6707 7851
1629 665
2415 2242
6121 835
6289 4611
9403 7664
8354 9743
202 8425
2486 7765
3727 4153
2260 4027
4173 4235
7856 453
2349 3428
5758 9278
9780 2709
1085 3141
5464 5754
3323 4086
5312 8559
427 6266
3942 3407
2730 957
4575 5742
3043 6707
2883 5185
404 8960
5099 2680
3677 7394
2808 1961
9892 2692
5076 7011
4831 6694
6578 5213
4278 4448
5102 8400
2453 5168
3726 5993
85 765
1505 6898
5878 6607
385 9050
6395 4594
2305 2125
8042 2784
2076 5929
1277 3350
8666 7735
1189 6931
8576 6035
4378 9361
1463 8594
1605 4482
2732 5235
5233 9105
2594 2912
5888 5910
6083 3284
2306 6026
615 236
4389 4453
7170 1493
2372 9173
7122 9102
6501 5990
4804 3153
2188 5469
2519 6516
5143 1791
7445 1912
1861 7069
6891 8937
189 9163
40 5366
7267 5382
5428 5163
6315 8340
1645 9925
2191 9969
6222 2432
7360 3630
8733 9243
4301 9441
723 419
3391 9566
8140 515
8581 8702
8374 7319
7562 8233
1304 3208
9133 1755
1834 1119
562 9640
6837 3848
3823 2594
4325 5173
5568 5012
4552 8231
8335 7648
4636 748
8440 9620
1975 7701
7241 4912
6581 7613
9965 4325
2362 3958
8665 3014
3299 5604
1795 7614
8680 4660
2603 6875
6595 796
5241 2966
4947 3568
4149 142
8984 9914
3596 555
4767 9512
9779 4133
3877 5649
3058 9224
3882 9498
231 366
6508 2554
1713 8948
6435 720
8967 9975
8145 1564
3025 1179
2460 4274
9965 3013
3463 9822
5341 2447
361 8109
8246 3786
5824 7662
3736 3031
1601 3378
2992 7097
565 4874
6458 2393
1854 5201
3707 8263
947 3621
2410 3203
6486 8600
1673 9603
5683 45
5760 4059
4156 7783
5 8398
4307 7926
3123 8773
6984 5936
8374 4766
8572 5928
613 7585
7815 7572
1158 8261
6115 7078
1500 6740
5699 5043
7300 7223
5989 4133
7347 1555
7617 8932
2940 2781
4868 8060
8085 3928
2078 4933
1279 5010
5246 7644
4630 557
7986 4087
1787 8111
8887 7499
7944 7078
6282 3265
2699 9263
626 5899
2784 2850
8588 6819
7148 9639
2987 7832
2716 9755
9486 7230
6183 1181
5799 6489
1494 8054
412 6742
9236 1901
2346 9236
2668 118
988 5862
6498 1603
5360 8821
3301 6178
2149 8428
6422 8427
495 4991
7569 154
1370 2031
8624 1656
1315 6762
1278 9792
1771 4644
8851 3883
6662 882
504 9352
4150 7029
8650 7125
1333 1113
4394 664
3928 5
9032 7370
67 3066
7558 5420
9173 9082
531 314
611 1011
8803 4226
4583 6705
9832 715
9970 9418
9515 1267
7924 7069
4276 3466
6341 444
8820 257
7637 7959
7728 1310
7729 3908
9725 8704
7086 3430
4710 7580
351 189
8741 3138
8226 4423
2541 4628
1280 3678
694 4510
489 7765
9445 2998
8789 4092
9078 8728
262 273
2677 2652
3283 7493
6496 675
6980 1128
3629 6540
4707 1935
915 7734
8327 1138
5239 1918
7902 4192
8977 3958
7265 3217
820 9964
4462 6726
9914 2993
4351 5981
7318 78
7512 6089
9854 733
7926 1866
7647 151
48 4154
9802 8554
6849 1711
4670 7651
8852 7160
825 6069
1296 8718
5386 66
6672 6532
6212 253
1213 636
2188 8725
4616 837
221 2238
1283 4506
3991 6036
6544 8825
3909 3111
3414 2265
3115 2751
2055 2262
4141 7190
5156 1248
8782 8793
702 9788
4060 1394
5653 7393
8938 9412
1965 1076
3938 6012
1489 2431
6368 4345
3168 4788
9525 2470
4809 2275
6651 4407
3417 3460
8198 8950
6495 4997
3569 3368
2055 1427
1536 1494
446 2597
382 9150
9887 4496
1145 2338
8327 7102
1262 9623
5894 9795
4021 367
1723 6311
3984 8426
3137 9652
7977 2193
9195 9987
2917 6967
7507 570
3956 61
895 4873
3899 571
4406 374
2583 313
1130 4313
6080 6314
2198 8574
3056 6700
975 3202
1644 5744
7443 3110
8357 793
4620 8189
9955 9900
1579 4177
4830 7756
3145 1200
8728 1021
5895 3450
5961 1348
3727 3671
7296 8824
3571 1662
9994 621
6930 6217
5992 4305
8925 8212
2617 7785
6516 3105
5951 6216
419 2683
8733 6952
9482 8323
3168 997
9845 2035
804 7525
7240 295
2016 3772
5813 9533
7222 2957
8194 9333
2969 5362
8185 525
8831 4933
8582 943
4504 2790
7498 9744
929 1044
4937 343
9341 5248
8494 8997
775 4895
5413 8466
7064 8629
6196 8845
1971 6983
5883 2994
8021 1085
9714 3371
8767 8957
9492 8235
2414 8902
7530 8013
26 7496
9366 972
8834 5470
191 1973
4462 9197
8557 8073
9948 9718
3460 201
8736 9737
8971 7521
6907 4504
1722 9843
1329 1565
1575 384
5755 259
6582 1872
7365 7399
8439 9567
9262 5224
10 6500
6791 3909
8531 8824
2528 1640
3422 9048
5496 9290
9498 2677
9930 8
1106 5522
5773 9523
9642 7269
3895 9807
6217 4203
2615 6685
708 2549
1278 3893
939 3512
9726 2471
730 2997
5972 2898
7315 9689
8143 2526
4887 6465
761 3904
1942 7356
6293 2917
3794 9738
5582 2741
2605 6983
7691 4327
6208 5842
932 873
7770 1603
8351 5985
2950 7459
9278 8108
9549 2875
2208 9952
9126 1368
4920 9752
3442 8710
4743 3352
6256 8361
98 1200
7930 6985
9865 3746
5306 1645
6690 1472
8757 7269
4756 3283
8114 4775
954 4482
8077 8184
3368 919
7530 5629
3615 1236
2063 7939
885 7498
1099 7580
4616 9408
1504 7150
8054 5965
7593 5532
2802 7904
6184 736
1195 1856
6612 1636
1638 8666
7756 260
5274 8071
4992 9179
3670 2301
3369 8629
1682 7367
759 9191
372 1177
2653 5347
1779 963
6720 4988
6888 2545
5382 5464
4734 6793
4433 1759
4624 427
6300 2218
9741 839
2306 6545
4416 2324
3480 5753
2595 8964
3849 5435
7144 6993
364 18
9203 1264
9856 674
1946 2767
3372 2728
2689 9528
4445 6876
7868 1610
4005 1255
1066 8540
9449 9532
8870 6108
931 9454
7483 967
2392 7924
8696 9947
8319 7741
6429 4414
2556 3359
570 5626
272 6974
7466 9577
3855 4887
7879 6603
7884 985
4958 2594
4369 8603
7543 831
1147 3095
333 402
3191 978
374 5448
4031 2742
1209 6704
447 3453
9054 646
684 5439
8268 2475
2066 9293
2252 6043
1575 879
3083 1407
2965 6102
5577 9715
197 5597
3266 9461
3025 168
2435 9294
6599 2018
5546 1113
3678 1174
6155 4431
1930 4312
1910 8929
335 5067
8765 1854
842 4289
8826 2311
7895 8967
2482 7929
7164 1493
6506 4850
186 9593
7620 515
3004 8973
5875 47
3746 1139
2364 400
4724 8652
9476 8653
4191 6648
9380 5129
6832 1412
8618 8736
1341 123
1399 7632
9536 7616
3948 2185
4668 1305
4244 2337
6692 1394
5924 1361
9191 8718
8107 9703
1925 8426
7587 9243
9490 3829
3737 516
2113 1376
8017 8774
974 8884
9173 2880
7574 8243
510 6130
7190 179
5732 3418
4407 7139
1960 2796
723 8018
5938 8114
3304 8915
6810 2915
2536 2156
8141 5707
3878 3432
72 3291
3287 5469
1362 7808
2221 3043
3786 948
8207 1977
2512 1745
2694 4168
4835 2351
1868 940
9792 4094
5438 9903
5470 2059
2073 6258
343 5418
101 4803
2251 3758
106 2440
130 8938
5776 4152
575 7679
4232 4989
9906 1327
6403 5065
220 8368
7321 5790
3838 2938
3639 5978
7852 3384
9999 9302
5734 5962
2700 8368
846 3403
9726 8753
1638 253
4037 5896
6574 7715
364 2112
9862 449
9996 4143
5656 7008
6037 1975
8097 4311
965 9313
118 4128
4587 6746
8939 6473
8417 4613
4979 5863
4142 6503
1601 7649
3426 9967
4331 1424
9216 6122
2573 1526
6116 7403
3387 5856
3646 8726
9925 724
271 6535
2438 412
8634 7510
5665 7290
6957 100
9297 5751
7133 3998
6306 3493
2542 8006
3581 6070
7644 6673
5094 4842
6739 8592
8012 7184
3359 3082
2827 9691
4688 4254
5592 7607
4065 1188
9014 5916
4302 7040
4466 9116
6825 6821
4393 2117
1097 9893
3313 5639
5145 3855
3080 3598
1440 7595
3672 42
9497 8481
3930 3874
7272 9606
1063 2878
8406 8698
9428 1353
8991 7665
1767 603
2206 5978
8017 9918
4198 5894
6086 3465
9768 7187
4546 833
1174 1994
6166 6469
7515 8972
6418 5820
3109 591
1843 7218
5758 1514
3711 2398
465 1960
6647 7479
2087 2476
1391 5461
9578 3754
5844 3602
2394 465
4105 85
5060 230
1703 6412
2532 2959
3838 19
1246 5947
7494 1615
4135 798
4160 2683
2183 3688
3000 7808
539 7066
8746 8698
602 704
6890 3760
3128 2815
3426 2644
6485 1757
2158 5527
9811 7299
9865 7506
8121 6627
6232 6139
4981 9775
1326 8780
9594 3160
1419 8706
7464 6296
9545 7993
1484 3005
5809 1827
6068 77
6891 8431
2520 4850
5130 2378
8640 8632
2872 4884
3822 5494
9687 3911
833 2606
3716 826
9378 8109
4166 9967
1396 4720
5179 188
2212 4164
4043 6805
1489 8038
1437 8043
9736 7801
3619 131
4645 8948
140 961
287 6535
4883 1970
6609 5633
7159 8878
9289 4982
2449 7959
5910 6923
7034 7800
9670 4941
166 4475
4588 6066
3394 5784
4057 1643
4175 3032
8986 3584
6180 430
7969 3205
9680 4860
9836 3209
3578 6578
7004 5165
7516 6506
5588 3478
2133 2812
766 5819
461 9704
8782 5664
6372 4220
3141 9099
7913 4965
1458 4127
9891 5705
8802 2019
9989 2705
7243 2174
7963 6460
1362 3587
7471 9423
8550 6887
195 578
9510 1363
2265 3167
3122 6476
1647 2305
6832 5459
1719 737
5296 8613
5119 2876
5274 1811
7704 3568
3488 9427
5568 8592
7856 4000
8341 5194
8193 6949
5670 6253
8903 7334
5455 94
1862 6723
2582 2325
371 7684
5873 1784
454 7225
1164 2749
8468 4594
4148 6739
9183 6626
7090 83
5795 3673
5311 9121
8135 6453
4112 9883
9789 5466
1834 7961
3157 5024
1014 8550
9228 5379
3197 5803
3554 3783
8137 630
2836 5591
6725 3598
2800 8930
7070 2276
243 5371
4299 8188
1412 3460
4189 3917
3572 5989
1995 4988
5391 3202
9591 3443
3579 5598
7510 3803
3429 1286
6528 2011
5535 4680
6285 2543
9727 513
7082 858
8395 9557
7717 7785
724 2826
7137 5768
1189 9279
2231 7564
1788 3149
5238 9633
5999 3282
19 7201
1420 3266
8846 8957
8843 2288
2653 6731
7174 1645
4189 3059
8907 1136
6592 5834
5484 1805
2718 753
8461 1742
2614 4149
9055 8964
222 2386
9442 6652
6544 6445
494 9880
9438 5129
710 8760
8942 8436
172 405
8593 9543
5089 9172
8657 651
6556 9404
4148 4194
563 9265
8740 9678
652 4697
9901 9878
2065 267
7289 522
5101 7744
2564 9026
1698 1463
5123 6724
2862 4282
580 8055
3148 3070
9059 9882
307 9571
5830 37
2504 2349
5881 1228
1139 9759
4477 6013
8858 9063
6370 9905
3115 8070
4441 7345
6607 9630
8953 5092
4281 7424
1331 6281
8684 685
6529 7581
5637 19
9571 2494
4436 7252
8018 2752
1862 1336
7886 1938
6986 9109
7865 3798
7911 675
4939 5077
8628 1714
3275 677
618 738
5756 5080
1018 9600
2543 454
3230 6895
376 8839
9492 3876
5468 5863
52 1689
5483 5270
1743 7014
8105 5171
9558 7532
8369 8009
5746 1451
8952 3922
6743 8894
1876 3698
1496 2937
1733 2261
8792 7432
8708 91
8733 9025
4306 4035
5206 9075
5024 6939
6231 8004
8933 3603
2632 584
5521 3486
1231 4534
4708 1778
7943 6453
2096 598
2000 1769
4367 7114
9956 3221
6478 4311
8305 8014
6437 533
3225 4334
2802 6670
6427 2013
7691 8739
9960 8272
1065 911
7416 8247
1030 4258
2724 6930
2147 2280
6929 3708
2034 3437
4708 7909
6983 3009
1526 4622
5298 4618
4147 4988
260 6896
1732 8037
5351 5930
8761 3356
637 3728
703 3456
9698 1708
2190 2219
1587 1375
5866 4156
3603 9517
2299 9365
1962 8517
5030 4681
7213 5338
2974 6447
6763 2428
7987 4133
2526 4686
1578 6217
3519 3572
3071 8306
2733 1251
8211 5274
819 9306
3034 3922
8752 9990
1384 742
4597 2367
6075 6834
899 4079
6143 5298
754 4256
6692 7270
3721 8056
9693 6901
9797 9648
637 31
6446 3992
6632 710
305 9755
3862 7906
2303 9051
7695 6773
1043 7244
9536 158
8610 4744
5318 9439
7428 7772
7552 8476
4559 940
1552 2762
9612 6133
4125 9104
9353 1353
4295 604
5735 5365
6528 1143
217 8236
2994 1702
6561 9918
6227 6477
8519 9535
8290 5052
4330 1197
2602 8674
6440 8155
6150 9365
8203 1100
8294 6169
4926 8591
7420 9690
2948 8932
4423 3244
8215 4174
9222 9191
4778 5850
1915 4640
4713 5075
4242 77
7843 9072
4773 8155
8750 5621
4164 7579
9214 7163
2940 9116
9942 6824
6775 7970
2498 6536
3528 9587
5111 5045
6836 156
1975 3410
3895 589
6240 1510
4651 3128
6857 8216
8326 5854
3817 9265
940 7327
4768 6843
4030 1052
1233 105
9249 7953
9074 3944
2142 8177
1547 4654
4966 2797
2235 4617
6179 5340
1725 3574
1339 7704
2511 9812
2258 1726
8497 921
4153 3233
5596 6200
4819 8267
1015 5784
8922 1869
4161 5942
1515 2295
9368 6474
1581 2202
3250 5529
3618 9199
3085 5599
5601 1193
5504 6325
8541 1421
7846 7523
9455 8152
9791 8909
2580 5346
9835 6698
1781 6451
5695 4309
1178 5783
2059 9043
8336 6036
8230 55
8475 2968
7303 4953
147 9996
598 3625
2763 4689
7242 7500
4023 6638
6486 3362
2504 458
3894 6234
2367 6551
3747 7167
3504 8775
4420 9818
9134 6460
7989 2505
3190 7790
9047 6487
849 4837
8761 2584
4747 6210
3935 7092
9208 8194
286 4540
9296 8696
6539 7877
2142 1996
7688 1923
9220 135
1449 1371
5575 780
4490 6302
6699 4737
4309 6232
7590 9999
2513 7666
1696 1309
1487 6156
2616 6655
7959 5309
8489 9880
521 438
9920 112
362 1194
101 7123
7266 713
3388 7390
7008 3966
1720 7632
392 4470
3884 4054
6950 9297
6182 8873
6180 832
508 1532
9307 2565
2176 6140
2882 5695
258 4052
6381 6587
4375 3115
6130 466
2732 1799
4278 4306
4301 7520
4436 4983
6263 3488
1424 4434
2930 1223
4255 1047
3931 9530
685 8569
7816 4701
8537 7247
4507 1312
3707 7668
1251 3804
95 769
7923 6483
6565 4383
4595 1874
6530 2988
7095 4323
6302 8688
4715 8447
2765 9035
9796 5334
2656 4844
2429 7560
2650 8031
3262 7030
9798 2988
3812 6768
3732 2458
3392 655
6510 6446
4658 9872
6452 2057
2999 7697
1473 3493
8399 9849
2532 6059
8547 4672
7871 5916
1148 5251
8340 362
3832 8533
1121 7564
2075 3541
9175 327
590 3843
5296 4060
1937 6318
4376 9923
8882 598
1845 4731
6087 9157
9632 3412
4498 3738
4441 9139
8896 7816
1310 8141
2315 6147
2614 6124
8751 8887
9982 9457
8521 1146
2902 4555
4553 8472
4122 2228
296 7947
7034 549
3405 3608
4275 4675
8901 7708
3066 8336
9100 36
1430 2774
2533 7154
1745 5789
3704 8251
1172 9994
616 2388
6210 4941
6254 5076
8859 6025
9615 2213
8843 948
781 760
4735 8706
1872 7938
7222 1043
5821 1646
357 8485
9715 127
2022 7398
6727 8333
8524 2044
6775 7039
9933 1017
7398 9334
8420 3825
8848 7040
8720 6886
1193 482
1992 1773
2419 3038
3916 5765
1029 129
4173 8970
2031 7724
5225 6126
3054 1461
9298 1282
3689 6798
4173 3741
826 3718
1308 2538
9517 3397
2194 8780
2925 3470
7292 9232
8134 249
4978 3688
4417 2758
1015 6646
2866 963
8986 9673
4108 2293
771 7386
7742 7438
3197 4394
6309 8250
946 8700
1730 1378
6247 7631
7934 5393
6044 8560
432 5993
7992 2805
6482 5609
6865 931
5783 7526
875 9862
4732 1634
8429 7223
2626 4808
1037 5487
272 2897
2923 9883
9302 6278
1958 3038
6510 3383
8711 7472
4919 425
9240 8115
4301 7966
903 2132
573 2266
8610 8782
7375 1084
3967 95
2948 9024
5005 3126
4355 557
8288 7535
3069 8108
3502 204
3651 3826
4420 2400
8815 3402
4943 4307
2394 314
2921 4660
3904 8904
4914 8006
4287 4141
2508 8217
2310 1862
89 7486
8377 5585
3117 4362
2137 1705
5046 6193
4463 699
8481 6746
7845 6210
9966 3972
6141 9660
7701 2634
6102 345
9221 5450
5642 281
3248 8928
5599 5284
7893 1788
3736 6934
4022 3230
285 580
2170 688
5268 6728
196 3205
422 8167
160 8076
4174 8535
2076 2650
4161 7455
1384 8032
6363 7666
8719 1855
8457 6117
594 9178
2805 6693
3010 911
2187 6736
3687 5560
7490 7012
7366 9373
148 6015
5028 7475
121 5171
4753 7063
3208 5243
7627 6281
5550 5990
6866 2618
1861 315
2231 9150
6133 1017
400 3729
5157 9248
5889 7437
4848 6516
5160 7148
88 2010
7883 347
2638 1243
1733 3285
1364 3530
5970 7561
9066 6728
5361 6197
9870 1068
3698 7174
4781 8216
3240 9130
5615 1299
2318 872
9282 7315
2214 6691
83 479
6193 3539
8107 6518
9980 617
8581 8945
7785 2603
5047 2838
4662 8428
3887 9692
7567 3780
2817 7985
2366 1872
8770 8752
4731 1339
8925 861
4003 4048
1315 9278
7477 8587
535 1821
8090 3351
1087 3080
8593 5835
430 636
4083 2777
6636 3889
6984 9590
9748 8434
3874 2098
8112 4320
4769 9354
1786 8641
1692 7719
4942 3737
1287 5768
5360 6074
7893 2066
1601 4216
2692 9736
9391 6531
1442 8133
4668 1954
4702 5036
3876 4413
4300 2881
5404 5379
475 6214
7051 8735
1564 2446
1388 873
893 6692
9349 8315
7416 561
5995 4918
7988 5532
5741 4137
2706 1581
2878 6636
4685 9831
3938 6656
3842 528
9436 8406
363 9981
5599 1679
5014 2866
2651 246
8348 8518
5637 4749
8784 6353
4538 4140
9040 8958
6425 8768
7140 1267
2672 8894
3336 415
4050 1732
8507 4732
7030 364
7256 943
7951 7434
4962 4316
9903 5122
2880 5494
5789 4188
5943 8129
7851 8332
5293 9797
7615 4884
4103 668
1265 9096
7308 6705
8343 4599
8816 918
1739 3616
1487 5273
7493 7841
8401 7103
9178 4724
9055 1302
5887 1645
5477 8484
2951 5206
2563 5718
6439 8709
7116 2146
6260 6587
9677 8855
126 8256
5973 5303
6305 1962
3755 2173
2701 669
636 10
9930 8189
619 2891
5829 2800
4781 9619
3618 8824
3754 3136
2035 3098
4479 3029
6499 9340
9013 906
8164 9545
6977 921
8750 3751
4996 3924
7890 3304
5782 2281
4570 2553
5787 8249
8090 4224
6317 3459
1805 57
5237 1301
4502 2836
3268 3207
7483 725
5673 3360
1656 9730
1846 384
1212 9697
4140 2077
7804 857
1729 314
3041 1472
8565 9482
7310 6229
4939 2275
3023 5553
9100 8106
4308 5675
6418 5913
483 1789
6441 7165
7630 2421
625 4840
707 5403
7037 8392
83 4239
5655 948
8328 4922
8259 3030
4271 3785
5897 1253
5785 3398
337 6102
629 3739
6075 5536
3278 8226
1594 6015
4415 4563
2683 619
846 3724
8774 1907
9191 6547
2191 8783
9898 8152
9778 9386
7415 3388
1642 6697
5891 5187
1380 4232
2084 4523
4211 6968
9327 1501
5113 1856
2645 9640
6532 3764
2238 7640
2184 547
5010 3990
2061 9237
1206 1554
6203 2476
3960 6689
8120 9890
6584 4897
123 9227
3183 8451
8535 6322
9513 1806
2579 7690
1434 335
6138 258
1620 6014
7147 9775
1203 1095
1686 1900
3126 2142
3025 530
8320 1734
3007 2638
3381 5222
5272 7747
9516 7304
580 3787
9104 5861
1034 3204
1411 4371
7803 871
5415 5945
856 7945
9541 8344
8686 5489
3211 8222
6101 1040
5425 8005
8002 7778
8799 9940
4309 6211
5062 8390
741 4315
5433 3360
670 5341
61 8482
489 8754
4339 2154
5114 2374
878 5061
3096 5036
6536 9782
4536 1293
1202 9540
8361 1099
7859 3255
4405 1470
62 1592
5808 7024
5204 6540
2512 6181
7673 3345
5428 4728
7733 7347
6701 3270
2890 5627
6899 3737
6843 9272
9674 5279
3854 9447
3113 5893
4998 9571
7482 6805
4077 9018
8692 2746
6346 8089
7170 4337
2549 6914
7363 3191
4354 9807
3560 3855
2839 5091
8208 2231
6355 667
4626 789
1917 528
3170 5756
3427 6618
1183 8102
5862 8622
651 8715
8654 3954
6924 4801
8457 2561
1187 9929
1909 6483
925 4047
5887 9258
3054 9906
1362 5250
449 3409
4391 7903
829 5817
4919 1413
910 5931
5731 9260
7328 5732
9155 4845
5200 8884
8166 3407
3774 3794
9480 4697
8879 5433
9603 9123
9869 4168
3564 1276
6739 611
8172 7242
4323 751
3125 1106
9881 7043
1651 5256
4197 2648
9155 5192
4891 1041
4057 4169
1740 7954
1476 6655
3928 9694
9023 5395
6214 5796
1544 6741
2366 4454
2521 6716
7559 1913
521 4448
5759 7059
3526 6730
2142 4224
499 6231
6278 4410
4231 8827
111 9395
9536 8785
9134 1517
3313 4629
1728 7730
4892 4085
5499 4909
2889 9743
127 2438
7633 2977
519 9608
8410 4680
4428 4746
4512 9704
9194 2792
9116 1803
1564 2716
6630 2971
4917 3735
7581 6042
8600 5892
2720 8029
2167 9440
1230 7233
1334 756
6103 3840
6777 1254
8307 502
984 4855
4356 4388
7004 3608
5435 8935
8613 3089
2521 2783
8278 9918
4825 6391
4856 1591
4377 4627
6888 380
2513 4987
3516 7279
8370 8438
6688 5276
5025 310
4408 6128
1986 61
9379 3193
9037 4991
457 3784
9415 9077
6918 8446
8954 1415
5930 9711
8983 5186
6876 3680
3613 604
2342 9369
871 9725
5238 6997
2247 3336
8063 2211
8374 2150
7931 4763
7012 1663
2553 9386
4169 3103
964 3435
8068 5069
8324 6954
2507 6977
6293 9839
3433 728
2514 1382
7719 10
2321 9311
9752 3460
1537 6079
1014 4707
72 6804
3484 1166
2699 7320
2632 7489
9510 510
9639 8906
1300 5802
1401 8284
4489 5270
7043 8223
8777 7646
9636 6549
7044 7002
9341 3242
9634 709
1566 4885
2421 3361
4997 1519
3470 1341
4277 8973
7207 5944
1217 2004
1743 8813
8709 6519
7910 1468
8971 6267
9035 2790
5929 2425
7168 6934
4122 5696
7978 9390
7855 8801
8943 4753
6485 7938
805 9881
4814 3148
992 8070
1016 2833
6429 7631
4805 8231
8292 2822
5331 8165
1737 5299
5849 9630
7431 2571
4351 6535
7219 8581
994 7817
8088 2415
3060 6989
2328 771
5713 8028
6653 5823
5275 965
1774 3096
5995 9536
2128 5891
7403 5156
4058 9689
7064 3644
8903 6854
507 8233
5529 8278
5929 2410
7075 3199
4744 4014
4571 7815
5903 7521
7108 7302
1512 5914
24 4884
7856 4334
6575 4815
4406 1328
1177 5838
3759 8399
5351 9416
8086 5473
263 7480
2499 8375
9894 2864
3889 8575
8352 1981
4964 4312
9987 9882
8047 6755
8177 1149
3620 4019
8997 6172
1657 714
3872 4601
1232 1237
9440 6344
8662 5155
9729 429
7257 9628
4803 3136
6020 7159
994 9281
5982 4593
9850 93
1340 1295
7790 7003
222 4201
5795 4067
6475 4091
5822 1784
4502 5293
1631 2652
9135 2007
3319 9809
4583 9558
2624 8418
1951 5040
5129 6460
3024 9716
189 7063
864 3779
3260 9936
3446 2436
6122 4461
9359 5662
3953 3166
3806 3019
8634 727
5527 8342
146 3975
1274 40
5510 1781
8671 9372
5052 5181
9072 9335
1042 6759
3901 8758
920 723
2032 1694
9205 6698
5884 8858
450 8920
5604 9458
4612 8931
6406 4401
932 4681
9570 6214
5789 823
8268 1479
1265 4074
7383 941
5388 24
4619 7194
9264 5047
2099 7910
8695 3832
9137 3447
8091 2416
9590 6589
6177 9212
4759 6120
8775 4670
8402 6360
7188 7686
2969 96
2454 553
429 5131
9314 4942
3469 426
4300 8409
193 9564
6832 8495
5706 7099
5544 6122
8123 3372
1233 1679
5301 2053
9314 1263
2165 718
1621 8259
5 1577
2078 2003
5456 8142
3403 4005
4132 3148
8947 9163
2288 7767
9018 5195
9288 280
8964 1302
816 1066
9563 9597
8862 775
5251 8376
5816 8051
2776 2751
8804 6041
8404 8615
7486 4828
3038 7564
3696 1539
1989 4975
4424 2070
9390 7534
3034 4119
1975 1885
1754 319
7443 8939
2014 2481
3140 4681
2890 5027
8188 6081
371 6196
359 6246
9363 403
7708 4459
7241 1399
7606 9276
9076 4587
5172 6792
1384 7717
5342 1697
6076 891
997 8485
8598 9464
6601 5005
1688 8357
4673 8668
3350 5908
4604 8228
1711 3144
8171 2631
6411 7515
4644 354
2713 8166
9863 7427
7309 6348
3296 5173
9685 6491
4 9479
5198 1873
7648 9898
3801 2703
2771 8883
6725 8937
5926 3167
9983 6943
5081 8240
9546 2711
5286 8560
6246 642
5772 432
9601 9174
7696 5339
5061 9500
8982 6858
5904 5124
3029 9837
5496 8272
8829 3707
4744 5761
3628 3775
2239 6695
7443 365
1266 5056
5627 6974
1205 1444
3233 4556
6101 7215
296 4627
5006 7431
3822 7225
9954 9068
7263 4858
3913 5244
2744 1273
3881 1578
3815 485
7014 1997
8193 2906
1730 7330
4072 4
3872 2008
5652 4459
1891 8473
3736 8280
7976 4201
8701 7313
1938 6403
3820 3170
9432 2585
6452 6022
2312 4354
3092 9627
7628 2747
7541 4104
9021 7390
2897 7676
3358 3817
3352 7946
3415 2803
2967 5439
1507 4463
3296 9680
2876 6502
8546 610
8176 5022
3474 9144
878 8050
7692 9518
8915 6025
6831 9143
931 9631
9258 586
1303 1025
3955 8121
3050 5873
9755 6628
9617 1013
4514 7848
1057 3412
6750 1125
4201 6931
5927 3998
3916 3752
6797 5308
6124 3833
9031 7389
5971 3824
4507 1876
5204 2710
8376 1851
2547 424
7560 2303
5267 6845
9527 9864
3535 9844
8461 5502
9275 5706
4942 4000
3704 5259
6670 7551
4227 8646
1996 9216
6842 2365
657 5793
6505 2638
2643 8346
5035 4898
8578 3776
9370 3624
8731 7070
4225 6932
1773 6280
5372 3528
8113 265
8881 506
8171 9944
6039 825
7624 3900
8428 8343
5460 2901
6188 3733
3359 896
7200 114
467 4377
7127 1165
4630 80
6528 9599
3325 7294
6873 5716
3844 3313
4251 391
6911 5999
4467 2698
2306 4210
7274 4677
5348 1027
8163 5829
882 492
3573 876
9079 5257
3061 3736
3137 7716
5876 8091
3416 6440
7500 329
7027 2711
4498 2147
8650 5796
6821 7360
6429 4502
7807 6256
7103 2450
5817 3602
1916 699
8716 2833
3720 5996
6637 8587
252 515
7253 9195
122 6375
9282 5866
6710 6944
7650 2636
6528 6016
7179 5086
3670 6213
4447 4577
7449 6804
6633 687
1898 2273
6174 2717
7723 4666
6608 1030
6074 5911
1894 8134
8542 7625
7237 53
5219 1941
9546 158
4800 3180
7074 5900
3519 3630
9162 7507
1549 2059
1137 3448
3882 6566
7297 7848
200 6565
8143 2043
335 6619
6562 617
4121 9044
6543 6044
8976 4394
9357 5508
7257 6474
5887 8717
5199 274
9197 4092
5504 9101
9481 4014
4773 8446
4252 1975
328 9388
9852 8654
3797 7503
9822 8180
6618 6456
1778 4475
7086 3118
8531 7155
2701 5628
6190 7407
679 8579
2649 9926
7367 4050
6539 1234
7138 2547
5843 5675
4792 4567
5716 9587
4541 702
1710 9754
6651 7707
2099 8742
8495 4722
7005 2385
570 2325
1312 9144
2255 6845
1296 1748
6739 9925
1287 9747
964 8588
1041 4070
613 6102
9683 2518
7402 8943
2613 1999
3918 6436
755 2972
6480 3906
1430 2645
7044 4153
663 4812
1234 6698
3420 7947
3271 3967
2848 4615
9415 1963
8789 8063
6665 8028
8129 2393
5039 4487
4983 1626
9712 9313
5226 5819
6089 8324
5268 2833
8495 8642
2702 6810
7924 6228
2835 3914
2682 1736
9247 3435
6095 7997
2583 1954
7646 2691
6306 8451
5776 9037
7606 2557
9169 9036
5100 1921
1472 7601
1857 4947
8698 14
6120 773
9261 1979
139 437
5193 4215
9710 3303
5239 1548
5531 1714
6730 3272
8172 3397
2018 6816
7057 9457
1036 144
7640 8887
1127 914
2442 5081
9878 4300
4736 6080
1877 1809
2692 5667
2552 5868
3258 1561
9326 4302
7318 7621
3505 3386
5190 8199
9428 8459
2929 1882
2957 6662
9737 9116
4338 1251
9310 4278
1772 4629
3424 939
6812 9451
9836 4920
579 2505
844 6149
3557 5496
130 6733
2826 19
5382 7741
5723 4242
5652 1419
1371 2853
3122 5214
2072 3576
1328 1301
6558 8980
9788 4697
878 6378
809 4054
3549 270
7619 6923
7614 6779
8324 7461
6532 3004
6290 4319
5869 1568
8554 7529
8977 2005
9567 3958
6328 4621
2848 7003
1176 9543
9591 4577
5707 5433
5854 6447
9209 1328
4191 5453
6622 8728
3804 4591
4529 5661
8682 9067
7286 7009
5432 4989
425 2258
5719 8873
6811 6850
7725 8927
7421 616
5747 8070
7188 3747
1753 1098
7150 9842
5109 4540
7377 3101
907 248
8200 4976
9429 666
5939 3781
9717 4166
4111 4601
4152 3449
9713 6980
9636 2359
3602 5264
8032 6006
2981 5733
7402 782
3907 7584
1917 7443
1900 891
7612 7324
1351 5471
672 1834
7421 7058
2988 3640
899 1580
3959 2587
9594 8304
1384 169
205 2749
938 2112
5068 4900
7266 2467
7573 8646
6759 8354
1863 2273
2265 3220
6989 6827
2098 4242
6308 7801
4937 6543
2275 4392
5106 1401
1774 4815
1187 5602
6200 1747
7238 9150
9952 5499
2255 6450
8204 8205
4261 8774
299 4633
1776 8625
9315 738
5598 2767
6206 7141
3860 2403
7812 4394
9837 676
9793 5865
693 2757
7459 1156
2154 116
5035 3114
3267 1489
4572 5647
6038 8103
3540 6162
6244 7642
2616 6481
2085 1035
9217 8420
9396 9058
7887 4834
1338 5557
5662 1578
6656 2339
7511 1503
1315 9142
2479 1660
3590 6200
7471 4108
8194 558
1103 5757
8863 1650
8150 2195
8060 3312
3779 9658
3539 9039
1760 3096
2228 201
1776 7709
5826 2993
8991 3698
591 2036
4847 7102
5163 956
2890 5884
3564 5109
225 8837
7954 2129
5971 9687
7407 3467
3518 3343
8559 7853
7964 2275
7381 9382
9431 3389
4424 9761
8281 5201
1567 7404
5165 6826
6803 1048
7031 7104
422 7895
6094 8430
8814 2923
5141 99
4229 2088
302 2359
9474 5647
5139 2738
4072 2571
9720 5780
1524 9501
1460 3802
6827 5024
7269 550
6963 9145
2884 6359
6435 6414
2921 664
1759 9533
3461 4458
4241 9331
9159 2336
9458 5922
5726 5920
2264 2427
2753 4231
1327 1251
5579 920
6435 2291
1603 3789
5653 4591
3135 5084
9203 3942
5924 3060
2725 4475
979 4539
9110 5262
1538 2193
341 9123
4343 905
9297 1348
8285 4536
6391 8653
5031 5183
834 2000
4229 9468
7930 9671
8804 9650
6196 4075
3132 5516
9998 2665
3194 7789
1448 8214
5121 6065
9713 3386
579 7311
7947 698
4491 4305
6305 8598
8693 550
8911 740
2226 724
246 1510
6608 9438
6457 1888
5996 6266
5991 8827
907 6632
8154 496
3088 8177
3532 8965
5470 7448
1421 6918
1520 7232
5179 4499
3344 7597
5382 2582
6604 9257
439 2470
7542 9937
1605 5682
9607 7824
7389 4312
1319 9119
9790 7859
6151 5809
5510 515
7018 9945
5269 4777
9302 3328
9990 9376
4258 1958
8543 8399
884 3409
2223 1649
6192 5683
2953 3150
6571 7849
9357 7645
59 7109
5598 2401
7441 7320
8348 7535
2086 4866
5564 6658
3988 5662
3167 4214
9947 2228
1424 7649
9281 8989
3428 7910
6895 8141
1666 467
2856 2359
3944 9168
587 7623
4718 2193
7730 7588
1935 6938
3610 1007
6312 6018
7845 5564
7660 530
2516 8739
3203 4343
6425 1708
8364 1069
3681 7687
5505 9299
5653 7881
4679 9727
922 6395
6070 6364
943 973
6483 2358
293 4485
4038 8273
2677 7409
65 1331
480 1135
7950 4116
9156 9600
2743 8879
9259 3648
8512 42
2082 2635
1284 5729
6328 6585
5096 1449
9493 1296
9586 1543
2255 844
4049 1939
7670 90
8392 6271
7622 4174
8818 4517
9930 562
570 1321
3652 7191
7104 7295
2460 6441
275 7657
3200 8309
1944 6091
2313 8615
1837 9184
1549 6407
1861 8311
5551 803
1209 9169
5256 2241
2419 7908
3817 6767
5798 5766
6014 3774
7797 2302
4191 2291
9082 5813
568 6392
8739 9360
8145 2300
3957 9007
2337 9634
2968 3523
8700 2259
5770 2849
5982 7935
2038 219
4022 2367
3840 6433
2510 6178
77 8538
817 9535
4992 9257
7324 6048
7742 9158
2064 1848
1023 2956
8283 3412
5571 4182
3798 2274
7065 3754
8004 4948
6319 6255
253 8862
1791 8201
2552 2305
6849 1966
2223 5418
8189 2801
4641 3711
6199 2652
4516 6611
784 4134
6911 9082
1936 609
6796 9657
2634 235
9112 6322
534 5869
3215 8736
9003 8461
4256 9541
6605 9758
4998 9056
733 2864
5222 2769
9540 87
6075 4413
9238 1392
4163 2185
9344 1171
6926 1181
1405 2895
9671 6613
2854 5900
4884 2319
9586 5904
4707 7737
8395 4975
6 1026
9135 7854
8349 9071
5387 4026
116 2546
4160 4699
7084 9141
1706 1030
9392 7832
1535 3075
8136 3710
87 8384
6202 4832
7980 2903
3183 3636
5380 8338
6017 4262
1386 3136
3049 1489
2821 7854
5794 7378
2778 7124
2453 8155
8816 5742
613 8555
6512 6874
6202 5320
6839 6295
939 750
1652 3517
1091 2483
843 6480
7166 5822
8681 2821
7755 8569
7980 7903
5011 3680
7281 757
931 2962
5931 8047
6015 2237
2289 4627
7124 8505
2135 697
7422 5090
2197 2299
9837 9304
6763 3310
6535 6298
9957 6631
9473 5994
7987 2044
575 8608
1863 2522
8038 6081
5364 7976
4819 3604
7501 8853
194 6215
9356 8660
3686 7983
5398 2664
6372 5681
8066 5706
6916 3970
4222 4632
3004 9300
8573 21
4250 245
4052 8515
6642 9613
2658 1340
9726 4220
7480 6232
1803 7909
3116 319
6942 1297
2944 1490
595 5322
5671 4894
542 6156
5605 4068
1859 731
4971 5518
5031 7480
4603 9948
2163 840
2017 4072
5325 4058
2938 2151
8200 1834
3903 9007
854 3902
7690 1707
6355 7082
9425 8928
4573 9158
7973 486
4008 8590
9481 8994
9248 1961
1200 4322
3306 3167
8156 6101
9279 8871
6165 6537
2383 3519
6693 8707
2253 6598
3213 7957
3040 3264
9163 7948
8054 5675
5374 3005
2867 1531
64 6734
4576 3944
2903 6239
633 9580
5700 7686
5745 1588
2428 7483
917 2887
6544 1053
2464 9265
8232 7410
5376 1523
5953 5983
2797 3251
6268 7630
7792 5151
3234 7747
8807 9430
1960 8439
616 454
8074 2672
897 5526
2211 1452
836 1679
7030 5167
9130 4321
540 3601
3299 2654
1357 3053
7990 6919
3441 7382
3312 8070
9893 594
8353 4680
8676 1486
927 8105
437 2010
1191 5559
6512 9849
9311 4501
5147 1117
6220 1100
8500 3471
4611 9633
4448 6153
8073 8907
449 3696
7012 691
9360 2827
5633 1617
3098 6155
3003 5544
4239 1025
3883 8529
2410 7739
6141 1507
3741 3488
1771 2323
1161 2211
9569 6421
5982 8720
232 2522
3413 2020
7655 6740
4998 499
6199 3685
4216 7693
1403 8992
8113 676
6861 7474
9588 6081
7223 6709
11 6565
5165 6961
1925 4688
9530 7149
3257 9211
5635 4378
5923 480
2130 2219
3369 7142
3531 1910
1539 2456
7291 6047
2085 2779
4209 484
5350 2095
6833 9901
1497 3523
2511 6848
6854 694
4815 309
969 9050
427 5005
2058 7024
3069 7632
8546 4641
4105 2445
2549 5312
5169 7554
9274 9117
4875 9146
478 9045
1798 1162
2378 5733
2881 2400
7969 5281
5365 2674
2327 3222
941 2489
2028 2286
3988 5060
9709 6576
1938 708
7989 4387
7351 6184
8353 4956
7574 7736
5818 5669
9830 1924
7251 9265
2626 6325
4143 669
9663 3265
9276 1430
118 9326
4371 2679
5526 6987
5129 9815
9436 3902
7107 1090
3172 7990
8381 6697
4046 3012
7706 7628
6855 6657
3392 9016
5238 2763
9659 7663
916 9039
6913 8673
1432 6559
4269 8025
1812 5674
9430 586
2607 6003
6233 5928
4816 6161
6092 4636
7943 7446
6623 6651
5558 1647
4574 3460
5934 5354
7441 2762
7328 7465
8898 396
6988 8434
9657 6612
3720 356
4884 8372
3581 7119
5021 852
424 7463
4200 9076
6670 5022
9719 3470
2416 262
3114 9785
1985 808
2090 6457
8232 6668
3258 5141
7104 5836
8939 6382
6503 9479
915 7586
2561 8251
3069 8438
6625 3721
3036 8470
1154 8364
6091 2305
7745 5427
7980 6726
5319 9872
4627 2912
8266 8427
139 6913
3861 9879
3747 4587
8524 7817
2572 7191
4106 2133
909 4165
7192 4675
3159 8263
7772 3619
5302 9868
576 952
7396 1677
7856 2212
1063 6631
4851 8003
9320 4134
8111 6156
4577 6746
9974 8448
9946 3337
5791 8900
8199 5612
4518 3814
9534 644
6712 6364
5140 4646
3124 271
6336 2909
2483 2070
6731 6311
6753 5940
2339 6103
2812 6775
6053 1036
98 6413
8289 9323
3673 1965
4076 1676
2753 1783
7158 4041
2678 419
9919 8487
2863 4674
1009 7840
9819 1668
4262 7903
1716 3634
6583 9850
6560 2095
2800 7743
7761 8497
545 299
8074 5816
973 1159
6195 4659
155 700
4912 2689
3632 6334
6021 3851
3239 8138
5765 8212
1216 8430
2151 386
7606 38
5381 4225
5115 657
8983 9414
6280 4181
9873 9620
412 7047
3700 9849
1645 5159
1512 3562
2991 9026
1 249
3829 2708
8855 4661
1978 9548
7280 2115
8148 7688
8209 934
5778 1969
9544 9498
1716 5497
6409 9451
6461 6401
3439 6192
4437 5915
6567 6057
6917 8588
7394 8579
36 5132
396 2406
1801 4321
7436 6732
6900 7757
1472 2723
8837 2766
4071 9675
5615 2013
1845 7493
2617 549
3787 7427
9269 2663
224 6062
2980 1223
5198 9559
294 9629
897 646
1573 7137
7696 7394
8060 9677
2551 8704
4929 715
7355 1670
1844 6892
441 4903
6742 9901
5962 9486
1344 2968
3136 9138
4097 1374
3751 5677
2559 1912
2429 9207
1869 3425
8101 8478
4317 4451
9432 2939
7998 5083
2498 8554
5307 8553
4218 6088
781 294
2816 392
3667 1410
9301 8605
4000 8557
3297 6686
5926 6874
6145 3016
8285 8147
9801 8418
8790 1963
586 2291
468 3022
1488 6261
469 4582
3831 5544
7155 7662
4895 2264
9095 2036
5540 458
4124 9496
4477 5760
1154 2746
7013 1124
8938 9481
269 7160
8751 5799
7298 8817
9707 525
9924 644
9922 3040
8135 9418
4726 7752
9530 8263
1978 3880
3920 6248
2606 9343
4294 9294
7486 4825
1137 7721
6008 363
7323 988
4312 6670
6793 1355
364 6078
2557 8570
2112 4895
536 1083
1360 5059
1034 3401
3215 8750
9146 5058
5560 4021
4554 9408
1505 8003
1331 4882
9388 2203
4636 9558
5716 7147
5105 8056
959 8174
7898 5899
1322 5350
4136 7710
8806 3210
7933 2426
3791 7735
4506 7258
1217 2264
5427 291
2115 7385
9850 2360
4746 7674
9182 9909
259 977
5366 4213
9953 2977
2441 5040
851 3246
3735 210
9884 6843
601 8294
70 8904
1090 1652
7696 7377
8341 3452
1719 4814
5940 3574
8324 5537
1152 3648
6168 4227
7451 7828
7843 3719
2472 813
5293 9465
6406 7970
8529 5216
406 5272
6783 1556
2290 5841
6584 7529
2212 2881
2636 1914
2493 5139
7037 8867
6716 5313
2093 87
4042 5657
9391 2772
450 6351
6432 276
6358 8230
970 371
4922 6503
4407 667
6790 6767
3247 5310
7063 8638
2014 4569
5192 5928
1225 7333
3776 6426
2749 1093
5876 8442
1174 4748
5880 4011
1105 5938
9409 6308
1171 3981
1910 2265
6992 5990
731 6369
2076 9948
2066 6782
3023 5403
3642 4822
7580 4521
5126 9099
6500 9932
5481 9877
4494 6480
5328 9658
4786 2779
5662 7308
5901 754
7467 8033
2658 2926
8936 5234
6601 7406
4349 2800
9026 9093
5418 5770
1106 1058
6431 6583
812 310
9808 1238
8499 2033
7770 511
662 1073
1583 9297
4285 4757
881 2269
7936 5609
2163 4653
5585 9891
2498 9093
5582 2680
850 5401
1062 9557
8552 3728
6348 9079
6496 5590
946 6228
9533 625
5155 8425
4572 5527
5823 5052
8514 4269
8212 3149
7834 5496
8895 1777
998 921
7812 714
5656 5819
1182 2369
9449 1104
2520 7854
2949 5206
8261 5290
1322 1707
6075 1537
9497 7160
5319 6970
3270 530
4165 6581
7189 7912
1722 3056
4832 4570
8081 5574
7778 232
571 3714
9443 2785
8975 3467
3007 7968
2102 3308
6007 2921
1827 6126
9420 7357
2280 3837
5601 841
7444 5126
1653 4600
5180 1537
9381 9464
3022 8379
7125 2686
7511 1090
1135 2361
2094 6711
8184 1852
3962 5302
8427 857
573 4267
6085 5596
3635 7474
2289 4243
9973 6936
2788 5445
2060 4842
7604 7438
4085 3543
4945 3723
6182 3321
5409 736
4990 7058
5263 5568
5653 3749
6879 2141
6698 796
4027 913
5451 3785
5828 5547
6089 2882
2713 574
8301 5690
301 7252
9106 746
7766 419
356 4703
4674 7252
8857 5348
605 6576
2211 6721
8589 6223
57 646
8747 1264
815 6691
1987 299
7714 9398
7634 3300
607 4834
2434 9300
6757 8011
6461 4906
5982 6460
1785 1994
6121 6774
2055 102
3180 9252
3336 9367
4292 6489
517 7655
6942 9037
6436 2415
8759 7466
2704 958
7069 1374
6644 4023
2913 1304
9818 4200
260 3683
240 3597
8860 6752
5142 4040
4636 1884
7119 8462
6061 8266
9007 4118
4317 4779
2358 7720
1574 4046
6147 8516
3755 827
4925 4747
130 8032
7188 1875
9433 9136
9107 609
6248 6919
8795 190
3894 2396
7779 6875
346 4242
4896 8802
2366 2525
9705 8134
8946 2098
2625 6213
7536 1724
9841 8032
1826 395
3909 6603
4695 5244
9028 6925
9159 8398
7869 7398
5984 2167
3825 9178
6267 9272
8169 9513
5931 6123
2380 7604
8327 9054
2929 7335
6510 2893
3073 4523
7077 762
8363 3498
8486 1175
2179 5102
5213 7970
9642 3967
4656 2306
2150 6778
8272 3447
9946 8263
3555 328
2101 5703
8014 6305
8276 5641
2315 1693
415 6265
5325 3345
320 5221
3803 327
692 5091
7092 3066
4300 7961
6480 8412
2948 6020
6903 6150
9062 3062
2947 4809
968 6749
8661 2660
5483 2180
2898 6537
2787 3520
7554 3377
8642 1310
1985 6928
2975 7945
2755 4854
1171 489
6028 4139
9222 9602
3357 2255
8737 6164
2630 7352
3318 516
2377 3571
6560 1143
4843 8511
2192 555
278 779
406 3102
9770 1637
4034 9975
3175 1117
307 8092
3638 479
721 4521
3437 5881
8823 643
7800 6622
889 202
59 8125
8933 8414
368 1831
3102 4244
2661 615
210 5248
3733 6119
9831 1719
8220 8762
2989 1513
7045 5225
6878 1898
2850 2039
7705 8961
9687 1549
2755 3656
9890 204
3043 1644
2703 5620
9607 1343
8015 6063
5430 3022
268 5472
787 7317
6050 7103
2422 9037
3632 9376
3157 4833
1247 7035
5563 8328
4126 4141
4556 1112
7860 6553
5357 3529
3076 8186
9016 2600
9155 1646
3498 981
9795 3856
1629 7377
1251 387
2911 2583
9127 3717
23 513
7047 8210
397 5668
57 1278
7217 3873
1506 4318
5161 3714
114 7258
4241 7863
8087 9822
9882 1986
5878 2175
5038 7391
5405 8185
7077 3738
1230 1973
1984 4143
6530 4843
6482 4865
7789 3347
2542 7877
4429 9624
9475 5476
8694 7914
7262 3993
6146 5047
4496 9305
3835 8037
4635 4871
3172 3006
262 1871
4200 3478
2643 9533
2333 1018
7184 5271
775 9375
74 4739
7279 2004
7556 6253
2699 9561
8696 7491
923 3084
7592 6182
7477 2679
307 8492
208 1610
1693 4783
3085 671
3676 951
6980 9942
3143 7675
729 1991
3217 6770
4973 9756
2025 1830
481 8381
2171 3610
4309 2771
948 1116
5886 6461
2055 9654
711 8692
5062 9165
7681 5291
1654 6608
8328 6605
9273 2757
6417 1021
6761 8931
9866 821
1209 7720
653 8476
8011 1826
9438 8082
474 314
9722 2559
5064 519
7886 3489
6964 2037
6928 4051
9088 9682
8102 5417
3502 3875
9108 9414
7192 3287
6009 2016
1250 5064
5251 4335
9000 2234
680 3236
9726 9599
4816 1339
6885 5768
1540 8753
4871 2928
4056 4723
2002 5814
1733 1527
9618 5236
4974 4135
2717 24
889 7186
4304 7705
1309 0
5267 3551
4488 4730
1357 3691
4324 9489
4865 6762
8531 7733
2335 354
4542 4264
9231 1286
14 5435
3331 3724
4716 3764
7260 6544
519 9702
8709 7630
7034 9179
4459 1540
3486 1320
8440 9326
3365 8311
1490 2243
6662 2855
6704 7240
1800 2363
5481 6625
7954 3018
7691 5874
6668 1543
8834 724
7469 4812
3172 4622
780 7234
9728 9352
3274 794
6868 3222
5823 9905
7920 1703
3945 1087
7062 1860
7059 20
4744 8155
4220 2083
9675 4016
1487 8584
4871 1942
2486 7715
1856 8553
5138 6867
1463 9427
3127 7352
3965 1005
5494 2259
802 8049
5098 5988
1929 5581
4481 6973
3664 7449
68 5016
401 8697
7558 5711
7864 4689
5923 4925
736 8107
8048 9366
6564 7077
9624 7634
8733 9707
6054 3738
2661 1960
1281 1625
8918 5499
6655 9290
7461 5512
4051 4407
8485 121
6465 2766
1868 7415
9488 9275
5082 569
1523 2694
1 5731
9424 4851
5956 6846
8240 3957
1394 6330
2355 8440
7415 5932
6793 2364
8033 6632
7463 5223
4056 3641
881 6443
612 6858
5766 1317
218 6779
8655 2091
437 8586
1624 3186
6075 1804
3333 615
7272 93
3012 2154
7765 8024
5350 5935
621 7123
1241 8450
3105 6299
8637 6359
4849 2980
4239 9098
1080 6922
3738 4615
7674 264
8003 8829
4308 3607
6289 6229
3299 6848
7951 3963
628 8726
8677 2587
1507 9830
695 3095
5537 205
8985 4137
9949 5265
8337 3094
7565 4235
9535 350
6354 8397
4480 7501
21 6521
1627 7014
833 5012
5150 6257
8348 4674
5730 6122
4303 1652
7590 1249
6226 643
9078 7469
1278 3865
8879 9043
5269 3195
8663 9064
7313 7600
7608 2231
4246 1175
2565 4986
8203 3680
2261 524
5054 2728
5788 5274
9534 2214
8791 5913
6644 8285
4123 5710
9319 7010
6223 6155
7641 2584
1744 7638
6348 6086
8944 747
7065 3498
1875 3127
9086 2603
3045 2545
8382 8553
2414 8549
8077 3604
9508 3054
4403 2750
2419 9027
3477 1897
2912 7235
4952 6410
7345 5619
1935 4622
4175 8967
3784 5040
8208 6035
339 5664
6826 4040
5239 1577
7327 765
4595 7673
8078 4036
3075 8690
3235 3597
3666 9916
7270 5168
586 4639
8174 2676
5258 7426
609 3760
4377 3447
4765 3036
5395 3473
2715 8739
5923 8379
3787 1899
4569 2146
2640 7278
8331 3308
2543 3245
1387 578
5300 3867
7770 3040
5449 5699
7489 4150
8781 7812
967 3567
6388 1148
2908 5042
8640 9602
5974 4495
7673 5287
6128 5370
598 8439
1999 895
4344 1950
4883 7363
2373 3799
8146 897
5265 2354
8024 7016
1249 1773
9597 5974
932 1002
5758 1491
4370 3289
4667 2941
7271 6891
2904 13
7739 2400
2442 7009
3699 6593
9806 6830
2929 3603
1194 2588
3002 2010
9776 6286
1577 8957
3245 5900
5689 153
4438 9595
2680 508
6525 1055
7283 1941
92 5481
895 8132
3158 2865
9912 1014
3317 4656
1966 2766
3044 7328
9808 3169
8488 2360
3512 8381
1363 8314
3646 7003
4323 7585
7961 2847
4329 3190
68 8751
9547 988
3511 5712
1693 4869
8852 6910
6373 563
5639 8589
3934 2922
7109 7110
9787 9510
2019 4165
7542 8902
578 1777
1835 3892
3808 5573
4903 7064
6685 126
4587 3215
3219 2056
3816 4095
1476 3619
3508 6601
2007 800
2674 5056
3069 1400
475 851
3060 4818
1171 5903
1209 645
410 1734
3877 7801
1060 3278
2006 9309
3877 5513
4001 718
9703 5052
3293 5691
8034 8400
656 940
6894 9777
9103 6778
822 2407
5097 4052
4004 1867
8955 8683
2006 2573
1646 2082
218 3674
2558 229
4594 2698
6922 7161
1055 2350
1697 5423
7557 7368
6783 2770
5246 268
3750 632
2631 7099
6978 8652
8180 7954
5304 2010
6558 5317
8712 7130
3406 1211
5473 4360
5841 427
6345 4196
2855 1942
5723 8472
710 9674
6494 6635
5084 6184
3437 1737
8822 1014
9451 3119
6695 3905
2048 6640
7393 4912
602 5737
3637 4566
2017 6346
1895 2423
6928 4819
3923 9554
7776 688
1375 8506
7941 8506
1460 8668
6926 373
1880 6974
8307 2392
1760 2353
7664 1936
8378 9705
6803 7943
1339 9986
4834 6143
7656 148
4739 2660
9255 8617
7814 9268
3237 8762
1743 8189
5963 3541
5180 8724
7985 229
3856 6663
6259 9625
4585 9542
4758 4992
6440 4217
2751 9833
9349 1389
3671 1798
850 1311
3928 4265
1117 3262
9160 9039
9154 2998
610 9474
5972 4837
4524 8078
9957 1109
6129 8171
9884 8031
5563 5197
7902 4263
2177 3596
6517 3403
9412 354
4518 4165
2691 3868
4795 3720
9111 594
7502 7219
470 1587
8931 5284
9020 1603
9692 4672
9875 8239
5259 5500
1913 2818
5748 8731
6363 6854
1085 5563
2522 5750
3585 256
4956 1806
2145 656
3282 6237
1997 5535
668 2665
7560 3976
6266 2617
5242 573
3903 1844
3528 1172
5094 9018
2252 9872
8120 6064
7357 2257
9508 1939
4697 4719
8001 8675
327 7214
9458 9036
1390 3638
6242 9724
4831 9248
5257 1772
2464 3745
1612 511
1659 677
2222 2412
5161 5938
9554 2272
2536 7217
8879 9740
6026 8729
7967 2841
5974 7590
2290 8028
1115 4867
453 9889
4930 5370
4186 3004
4614 6347
3600 3611
645 8997
279 4019
2496 5588
3514 4389
7660 7185
6500 4173
4758 6501
3697 6102
1280 2416
5797 4874
1454 3583
9395 6792
224 2333
7482 9791
1752 6550
7658 6188
3617 5268
9095 7029
8449 3948
344 386
4076 7901
368 3930
8366 6280
5130 8429
1672 8084
1723 2198
550 8725
2156 7061
9602 3486
3795 163
8106 3722
2636 1110
9526 312
556 9490
7406 6668
7652 7332
2071 5411
798 3553
3215 5464
8426 3943
7202 9053
8118 3667
4826 5460
5638 4891
3111 2034
7427 4962
152 181
2279 353
5264 9258
4403 8054
5724 5640
1023 5004
431 4390
126 5138
7927 8603
3846 4137
5060 9851
2960 9053
5604 8969
6283 4066
4674 5664
6379 5372
9240 2689
7179 1890
3131 444
8289 3956
1061 371
8219 1562
8030 3113
3236 436
5333 499
6964 4507
8187 3289
9902 301
7220 3226
4749 6295
2975 336
3380 60
9260 5650
5763 7742
7210 8235
2006 7482
314 9889
3076 4688
1631 1398
1023 2490
5733 5847
8733 4174
8699 1871
7184 5951
2787 6878
4670 9904
5695 1994
981 724
6991 8159
2301 2379
7350 5493
3225 7098
8492 9482
4193 8298
213 5213
8669 5821
2203 2258
562 7127
1603 9205
1360 7388
8466 9812
4954 332
3565 2102
1786 8320
8907 2352
7697 3472
9097 8643
5140 239
2621 1634
5681 9216
7678 8885
5737 7574
8208 8848
7700 3436
1431 3853
9120 7786
6798 4912
3912 7537
539 2892
3532 6390
7696 5873
9391 7861
7516 5197
6723 3559
7118 322
4506 9968
3524 2144
9710 9581
4075 7379
2123 4716
4401 8349
6888 5053
3231 9910
6673 4184
4731 7602
9699 9728
8102 9290
1520 1805
9494 7875
58 3011
2124 4140
6318 1109
9347 9151
4261 4654
5202 4330
3462 3159
769 8816
1989 9346
8985 4337
4630 7605
8523 2539
8828 9515
623 4777
1866 4233
623 7904
87 6199
7321 9112
2591 260
2030 5779
5705 4079
5649 2019
8982 401
4140 6539
8959 9285
7301 2173
2820 5156
3245 2453
4488 9585
5312 6802
485 4570
7285 28
4030 7297
4243 7262
5838 1656
6224 1729
7315 3206
8631 550
1956 6504
3556 8427
5375 4083
5817 2580
6932 8449
5084 4931
2954 4867
4624 3005
4947 5228
5293 1135
6794 5620
7988 1684
6158 6877
701 7302
3061 5572
4857 9613
6524 2695
497 7983
6028 6885
1427 6402
8753 4704
3096 5581
2212 9311
4308 970
7032 3218
6781 2087
7912 7496
3755 6335
8515 1872
2269 8497
3381 8514
9519 1359
3591 5470
8406 258
4370 6640
6976 8061
3800 8890
2382 2090
2524 2407
9471 6846
2569 9731
269 9842
8790 2770
1701 9028
8939 4161
9468 4156
4616 2930
3020 238
5185 1736
1989 6741
905 4049
6599 392
6241 8719
8286 9021
5114 1665
3811 6108
2400 5422
5928 3650
8244 9676
2568 821
3769 9378
1318 208
7171 2820
3445 870
5870 2143
6904 787
418 2729
5941 8519
3131 9877
3600 71
4483 2679
3914 7274
350 3359
1756 9193
7001 9369
1993 5508
9168 1167
2972 1527
2730 6391
3220 3421
5274 7416
3151 2970
4760 3024
5690 9670
9481 7408
519 8367
6076 2497
6338 1090
5463 4044
9858 3811
1064 4251
3868 6500
150 1396
1619 9250
9757 4413
5788 6740
6656 178
4797 7067
9527 944
2514 7325
7669 2085
9712 9592
8850 3626
9432 6670
4829 1881
6063 8686
6532 9408
2357 1022
3547 6650
2819 3363
1405 6439
9912 5067
1620 3778
1710 5897
7700 9271
1562 4519
1530 2532
6142 8978
4539 4276
7649 6523
1964 4948
4421 7876
8350 7101
207 7248
7821 3774
3519 2877
8124 9150
5920 1229
2173 4644
7972 5072
1916 3534
8970 5558
318 1543
7156 4000
3266 3379
6483 9271
9001 6295
1399 6456
2018 2035
6716 4518
3571 4462
8076 3925
5751 8685
6395 2379
6611 4912
6805 9894
6303 2577
4607 8429
5978 8862
7557 6807
9945 6207
3982 4442
7290 4247
3876 1828
7751 9464
9211 137
7927 3453
1500 7453
5458 5044
9806 1633
5148 4776
7388 8353
6574 6588
2967 6423
1687 2969
478 3155
4478 9909
4573 7364
479 3634
6634 1503
4809 4566
4628 7147
5701 6667
1967 2850
1076 7153
2971 933
9056 5924
1658 5168
8818 5628
7867 702
1280 7452
140 4782
8985 6055
5659 8017
8879 4136
6973 1824
8410 8302
6823 582
148 241
2652 9906
4621 117
5346 4533
9997 9545
4099 8553
8251 9404
8545 4851
5766 5932
223 7356
4425 9846
8161 9646
1008 3949
3970 6939
179 1147
2523 753
9100 1076
5020 8576
2975 7961
6081 1163
2105 5606
4784 9440
1955 7105
9766 9475
5591 2122
6057 2477
8079 9466
6156 302
2080 3006
8898 671
6146 8406
4354 8850
7021 3345
9452 7174
4384 9969
1876 7805
9850 9060
5251 8818
5061 8720
7690 3902
4183 4495
1348 8057
5089 45
2674 9634
4919 4717
6496 9968
9062 5410
5017 3698
1252 5933
2419 8609
7653 2591
5090 5622
245 8252
2626 9019
4215 7337
5240 3359
5316 4995
6487 1650
7058 6296
3760 6976
671 9818
2254 9667
3472 1907
8742 4440
4043 1552
7566 9127
6301 9080
6249 1591
9405 5726
7811 6837
7418 3655
5418 7582
9477 3136
4652 4067
8922 3366
6640 4956
2173 5442
7938 7834
336 5423
2149 8338
9510 8186
4976 2662
9771 6112
7058 6236
8745 4895
2245 1331
8484 6923
9557 7016
4399 4672
189 336
7254 4674
5517 676
4912 2609
6954 858
1141 8415
1254 3982
3577 9473
7326 9232
8678 2756
7810 3364
6078 8416
5322 4026
1120 5309
6472 5249
5884 922
3434 5663
5233 1813
1083 4835
2668 4299
7750 7162
9158 6199
5094 330
3640 8263
7754 9011
9596 325
8337 1643
6862 6825
4258 8838
9352 1491
9555 9602
6137 1705
4973 219
4980 5591
8748 1764
8389 2491
6563 4379
5005 648
4206 9878
3322 4991
385 2857
7554 7461
5652 5559
2584 1791
8801 8408
7555 2245
5482 1177
4743 8147
1024 7452
1225 4874
5349 8049
9514 5990
621 7105
3762 3958
6638 6214
2618 4379
5516 4360
1105 6697
2048 8676
6052 9414
7634 3189
6789 340
4209 6144
7008 5385
9635 6857
9623 6753
8652 8447
9641 2335
3343 1564
6839 8547
1796 8626
5152 2586
5789 3175
6729 1121
72 8045
6099 2348
1399 1811
7239 2160
1260 9173
1781 4477
96 8376
4322 9780
6591 5865
5727 7068
4719 8769
3354 483
1836 7505
7617 9008
8036 4202
4551 1033
9414 5886
5313 1589
757 7274
5354 6841
1208 7480
1075 4169
9783 2362
8450 3420
4304 5371
5995 9924
7447 9661
6402 1302
4691 5616
511 3893
4193 8231
4124 7057
4622 747
5062 4209
3062 2732
9023 9316
510 8885
5860 7238
7693 9185
700 9473
9055 4197
4703 2664
8207 4627
3586 9753
9484 4011
6898 5141
6763 1460
2648 2976
3356 4018
9547 9036
7300 4240
357 1571
6348 6679
9413 8562
3800 9164
3608 5505
4915 1037
4838 9995
3527 1460
8850 9994
7161 5308
4725 9051
5833 3881
2552 9050
6237 2883
3882 3675
9638 1663
2173 4814
3839 3132
6315 1527
5214 5024
5952 320
402 1392
225 5725
6621 2653
9448 1895
5168 9552
1875 1992
9515 1306
5737 2467
4126 362
2324 917
5281 9932
5867 3252
8864 23
6155 395
5144 7322
4780 2137
9355 4404
8648 4441
3655 6827
2428 3584
3434 1986
8507 85
9788 181
5298 2533
7394 3847
7400 4852
2699 5035
5038 469
5524 6973
6861 6597
6497 9053
6750 7845
4772 9737
2636 5110
2657 1296
8812 7299
7933 8740
7482 3295
1425 5782
3463 8683
4724 3621
3001 1297
9922 9928
9437 4319
9366 8178
8916 6681
9966 5830
7086 4381
5235 661
5313 51
7544 188
9875 6097
5035 100
6918 3958
7552 1742
9044 9742
3510 8177
1873 2875
6052 5453
7922 4843
299 8317
5743 4479
2379 2131
7333 2102
1653 3101
8060 763
468 3412
1138 4536
3746 6903
6261 9821
3009 5479
6767 7623
9134 9174
3170 1788
3957 4211
8328 9781
2738 469
9751 9227
4444 5396
3718 2904
2767 4815
2305 4450
3682 8280
9273 98
7039 7336
9129 9149
9191 8101
1834 4820
1549 8120
5345 3205
8960 5544
8145 7442
4773 8278
8024 9998
3661 1911
92 8350
3184 3357
7053 8194
3174 2316
3941 853
9900 3072
4749 6621
5081 9179
589 4637
8635 4930
7677 6324
51 512
3943 7223
6670 4862
9677 5404
255 9275
6437 5127
7244 779
5964 5834
1047 3640
1646 9233
4179 4491
3305 5888
795 1523
2360 5594
7688 3387
1363 8730
4234 3768
8299 2672
9413 9830
1523 8311
2638 8536
598 624
6634 9621
9376 4302
3214 4755
3589 4995
3283 8443
2144 5559
7206 8055
6427 5146
2501 4083
7715 6867
7911 7706
892 3476
2480 3291
6420 1217
2116 3335
6595 5642
3892 2681
9253 1173
2147 8058
2379 2932
9797 6367
5447 5791
1623 2739
5466 1358
3402 6377
5810 8554
821 3730
2712 8927
8729 5900
1822 9922
8335 2371
2879 9948
1847 6502
1667 4525
8801 5254
2999 4443
1703 4782
7070 1544
2259 5101
1853 9740
7825 5062
7815 5739
7524 8040
4821 162
9968 326
2444 6246
6236 2457
4597 7425
3488 5498
3943 5120
1072 941
2556 8147
3377 1367
6850 6038
6660 1168
6668 3627
4047 2081
2097 3273
4556 7139
2423 3806
1681 1504
4557 8475
2810 6752
8206 9246
185 9644
8055 6760
1158 6732
8668 6884
2505 9667
2361 6157
1190 8782
3501 8799
3658 8816
2199 4154
360 1324
2869 6348
3075 136
3439 9567
6383 4081
5337 6625
3160 7604
5853 7016
3112 9907
2469 7315
3412 5212
767 4889
4778 6266
2616 2898
8003 5757
4817 3993
4553 4052
8886 8860
6774 1706
3685 1021
3292 9101
500 8424
4330 5736
2997 3585
2928 6485
5686 3750
6347 4884
742 5147
556 7979
1570 6809
7519 540
1564 626
9264 1343
2071 9108
8717 6992
241 1406
6222 1448
4022 4310
4711 2343
559 9042
3269 9030
9970 1517
70 1066
7646 9669
3309 3738
8304 8795
136 6876
3501 2752
7537 9874
9159 2986
3664 3888
4868 5935
6244 4280
7528 4899
861 6431
435 8212
7420 2528
3539 8488
570 46
555 8197
3696 2401
5798 4978
8688 1445
1270 9346
7946 1269
6773 4837
3183 7572
5377 9380
4162 4034
5273 5790
3537 2747
8807 6878
3303 92
1375 7607
3336 5012
2182 7491
9318 961
9289 1263
8090 9889
7247 4798
3010 8182
6952 9592
9658 5597
5028 9847
7151 4159
4326 6535
4772 4765
4660 948
3594 8919
1675 8595
70 3662
6010 2933
9087 9282
5519 2221
8283 4114
1289 4273
6786 475
2780 5355
5795 9215
7220 7705
5063 1528
456 9176
686 5646
2718 4553
6301 8340
7668 9170
8213 8652
4727 9348
2172 4018
505 376
78 2806
1564 3037
2870 53
9748 4297
1985 9304
5153 4378
1699 3970
3532 8542
3205 6833
2247 3440
6563 965
5919 9942
6445 2118
6059 8134
5748 3432
3183 1776
8709 6843
7626 2256
9963 7419
6306 633
5897 8420
2568 6997
3187 3289
7471 4243
5120 6184
6142 5338
1771 7065
3812 9112
6886 1622
6592 751
3994 1614
8549 8552
6120 3377
5669 4856
6344 1275
8578 5786
527 1614
7542 8143
8397 8922
6755 3155
4647 1815
3014 9563
7289 7845
4 1644
3031 8513
5370 8341
827 5554
6639 4283
9871 4015
876 9809
7620 2615
7899 3844
7605 355
4810 157
9522 5669
715 7964
4867 3436
6104 2178
8599 8985
1263 8275
3372 4024
1824 7830
5904 237
4959 4973
4975 3258
8271 4382
8045 6945
5534 2032
3916 9169
1957 6934
3034 9847
2121 7362
7798 7405
3474 7390
9450 4460
5684 886
2752 2601
6436 3596
790 68
7940 7368
5396 9837
5182 6264
7397 6332
9918 7921
7902 4071
8261 9429
7027 4329
5240 3525
1902 4462
32 8499
6762 7568
5522 514
7574 7385
1630 5444
509 1937
1242 3848
1229 4589
1537 3196
4665 5857
9964 1465
7487 5553
9487 5378
6199 6254
3858 8423
7360 2910
1694 6328
36 9440
605 7827
4314 4667
8689 12
4702 4473
7412 5964
2829 4413
8200 2437
2791 2043
8860 6044
4497 8566
1011 1209
8080 143
4314 1320
3526 3207
8084 7598
243 4913
3811 1788
3984 3710
8882 9997
7167 9952
6763 3013
8141 3523
2549 1786
8053 1420
5631 5316
4050 5649
1831 1470
8429 9395
9746 4170
353 7369
6485 1495
6389 9813
5721 7915
601 6411
8453 9081
3161 8863
8876 4544
1803 7998
3068 4557
7594 2528
3266 2106
7575 2767
3547 4593
3082 2341
3359 4588
3963 4711
9643 9798
3467 5267
6624 8327
7801 4633
1184 1642
2966 6550
2154 5187
6772 7286
9667 431
6327 5189
6576 7824
4103 4378
3919 3621
6265 1127
4833 8260
3052 3865
5118 8450
9219 9078
1076 6535
1374 4741
6755 2961
1344 1624
9139 1025
613 8360
7820 5795
2674 2928
8260 8774
8134 1818
5695 9088
1347 3002
2061 6674
9800 2923
8590 9101
1432 3704
5967 7694
6209 3131
9057 1586
8433 3615
6480 2479
5239 2894
3008 7905
3306 9037
5586 124
5604 6344
315 7400
3383 1988
5188 8371
2679 81
3161 8420
3034 38
9593 6909
2392 126
9585 9542
3871 6674
340 4519
5338 3215
3849 8452
9994 4156
3368 762
7337 8465
3496 5088
3388 8567
4311 4221
7943 685
8906 8352
453 8060
9445 5200
3301 6098
5512 3180
9451 6043
6253 8930
6003 5795
2062 167
8139 6735
8377 8523
6712 2398
1083 4568
6542 4504
3520 3825
5815 5364
1599 3185
7767 1988
4066 7277
3770 8648
5151 3895
8644 188
1310 1293
2212 4565
9084 7592
6505 4143
6081 1208
2308 383
1639 8055
6977 4877
8658 8796
2577 1686
7364 4086
4444 3067
1162 4015
1729 4784
6396 9491
1584 4481
9878 6524
1087 9789
2355 1976
5420 5928
7319 1671
9282 391
876 7384
348 6010
300 8893
9989 6354
1317 6957
2823 7223
6849 9145
3403 5069
5862 1721
7747 6590
9623 7826
504 5114
6967 7187
2521 6681
3376 6649
4366 5693
4804 4052
2190 3778
3666 5718
4483 7502
9501 5229
3164 2921
3701 3864
2940 3210
8573 351
65 5598
3924 2692
767 3050
6879 5234
9043 3113
6371 3307
2977 4668
2590 7129
2419 2796
6954 9625
1402 143
7237 244
7088 4394
4662 7583
1412 3102
4246 9311
8108 3025
6583 8768
1769 2111
3285 9140
6898 8432
6675 1369
1131 6193
2252 8495
331 6571
1444 144
6255 8948
8948 9921
8361 3680
5603 6373
8387 9296
3821 5940
8867 7060
5199 9952
8084 3822
5360 308
9510 7813
2726 2969
3468 5867
9113 895
2141 6166
7252 4841
1658 4101
3055 9159
4076 6661
406 8089
6508 6912
753 7602
4611 734
2502 4071
993 2299
411 6508
1210 1136
633 8442
6221 5979
6453 2493
4567 4708
4231 2220
2044 8980
4282 4766
4004 6040
5876 1422
3415 7271
3799 2598
7060 5124
8357 2734
3365 5041
9901 9842
5755 743
3630 522
3467 4613
2937 8096
208 7913
3522 1800
2680 8532
5557 5631
6452 7736
67 4953
6423 8988
3093 3939
7336 8035
1381 1097
7621 3718
9128 9525
4806 4389
6465 1300
5349 3759
1298 9390
3102 7779
1214 5502
3749 1999
9918 8527
9566 2726
6282 5629
4974 4947
3418 6766
7650 9691
3185 5432
3232 1840
475 6489
8784 3996
6993 8291
2067 4257
281 2692
6437 676
1851 8643
7774 7590
189 5337
8117 2853
1531 4895
7436 3498
4550 9859
970 9698
3650 5658
573 5866
6158 1262
7304 4724
6717 9752
5006 1626
6460 5309
2444 3590
9191 4297
3096 4774
8992 59
9501 7848
7315 378
309 5579
9053 5286
9446 7133
7321 2369
606 4623
2118 571
4518 588
1339 3049
872 436
330 6490
6393 6221
2450 3846
4306 252
6762 6195
705 3591
6156 2724
8551 5779
953 1724
5671 1431
306 7872
4305 4091
4703 7821
1471 8620
9778 2507
3435 5943
9186 9065
7517 824
3984 4087
3128 5207
979 9193
371 1125
1663 7014
8466 9393
2020 8739
9635 9614
7378 9441
130 2458
2185 2302
1518 4629
2374 5686
473 4255
2760 4761
4404 7091
5206 7726
1794 6865
8596 463
451 1112
7501 3179
2427 7688
9354 2077
6599 1039
2872 3820
8565 9744
8935 5059
8638 1682
2569 8499
2832 5293
8719 6115
8365 6902
2610 1375
4186 4293
6944 2769
1018 6914
8989 9017
4957 9005
9874 3830
5274 297
9086 9434
1383 8939
6196 4659
8155 147
9088 112
4296 97
7631 5158
2392 1385
4813 5525
5078 7979
7890 2306
4095 102
2802 1651
754 9918
101 9632
1807 8739
3224 2534
6206 9285
4732 9426
705 7950
3219 4039
5205 6831
8472 921
9282 3831
6624 3572
4192 4349
8751 7294
2407 6779
5338 1280
6136 4544
3904 8237
45 9455
8304 5557
6872 5097
8952 3107
6652 5387
4819 7127
4760 3851
7101 7263
1629 1881
2368 6923
3293 6529
5440 7458
9987 5929
127 9426
3946 3451
3289 6160
4045 4981
3993 5750
8527 2915
4048 4185
4878 3517
6919 8804
9530 1624
2534 8556
9678 8075
9650 4255
2175 6981
4944 3516
4014 846
5570 942
4969 9525
9160 3201
2097 8658
3082 9778
9857 1350
8736 8714
7832 8183
2044 9775
9610 6635
7927 8363
3395 1571
9747 5871
3800 9034
3984 7064
36 477
1736 7680
7344 3105
9215 5353
4357 3718
6707 871
8541 2755
8698 8327
9339 936
6422 3992
4936 5168
3905 7378
2918 7207
7547 3397
9777 3288
9400 3062
4673 6018
9742 9380
9614 1055
1370 4726
8967 6691
5418 5892
9928 7055
9821 640
2873 1419
6532 2864
2611 9992
2127 4868
6571 4358
4762 136
5558 5817
5575 1068
4318 3644
6198 2522
3013 9318
8713 8284
9565 1695
5024 8244
9749 8013
7449 5862
7385 6907
524 8358
6756 6535
450 4680
3890 4873
2808 5256
6293 1233
9168 3150
1116 4350
1574 6283
857 7298
7626 3554
2706 8248
3298 916
4968 3883
5118 8558
6908 8899
2751 8651
5293 7217
4311 7782
3194 1517
8632 8139
6509 3456
1990 8332
2527 1874
7128 5399
6439 1166
5005 87
9280 6970
5651 8508
3236 9534
9712 7
9755 4250
8348 7393
8482 517
7856 3899
38 3791
3089 9339
8666 9486
7045 9250
6257 4966
8388 3093
6754 9718
2118 5741
3893 2663
9370 8322
1565 5803
4546 3659
1805 8624
8384 2259
5107 4596
9850 2010
4017 3228
5361 2648
8077 5666
1420 9793
9924 6400
2251 8270
1145 6618
3252 36
2132 2607
3500 5818
1146 9534
2333 4234
9244 9429
7533 42
1102 4785
4142 1660
5116 6378
9076 3525
4357 9470
7663 8227
1243 9576
8398 5165
3552 6276
2513 5187
5371 8348
126 2500
1096 4031
863 4483
895 1126
3403 8648
8132 1378
8691 5138
2258 590
3153 4767
7541 9727
5679 2662
4943 5273
4574 1570
1136 7168
682 2968
6915 2346
4670 2754
4659 1641
564 1084
5515 4593
2630 3230
6066 9015
94 9865
885 3259
2906 2962
3122 7746
7645 5644
2668 7464
7557 5822
9456 9292
3347 3727
444 434
1732 5785
6707 5936
479 616
26 2069
9251 2948
7096 2448
6595 5927
5179 4709
685 7876
4261 7720
9846 9169
4701 9026
85 7194
4084 4741
1627 6222
1245 8903
2785 5631
7283 4308
3158 4948
2779 2290
2935 1053
8494 4696
8547 219
869 1629
643 4747
8607 5470
9465 2724
588 2562
1084 7680
5851 3285
6531 5285
441 3029
1703 8192
9663 964
8644 870
1551 5736
5097 1971
4784 8792
674 5
478 9865
6325 2454
4097 6880
7615 5775
9437 61
5042 4720
3224 5477
9097 9493
5758 7650
612 5465
2992 354
556 9904
2985 9773
3196 2870
372 7494
7940 1796
1887 1078
7202 5985
6960 4077
1187 3560
5413 5928
8754 9602
5921 3923
7646 6073
6639 5604
6212 7134
8180 5209
7012 123
9308 6420
9468 4324
3684 4744
5402 1943
2120 3246
2832 2145
8275 3111
2532 1681
6462 7051
51 7064
1599 954
3983 9062
2127 7122
6231 4768
1282 805
3616 6678
4066 7078
6676 540
4608 6863
9876 669
525 6811
7481 2675
1090 5500
7798 3528
3071 4530
671 1128
5157 9947
8523 8353
2437 406
2197 6561
8512 634
661 1315
9630 6154
8079 1196
6434 1992
7073 9598
7175 9381
6539 4788
3473 1307
7972 6626
9323 2702
1696 6751
134 2487
1520 4118
8555 8322
8103 4202
4666 3314
2156 9891
6150 6166
3045 4936
7421 6602
7093 1079
7457 1073
3952 5776
3408 3735
4880 1129
2434 5570
7238 5810
8937 3909
1180 7142
4633 3960
2641 8111
3889 2871
4931 3861
7224 6648
8638 7307
8262 3035
9204 2720
5608 617
9294 9060
8534 5744
710 4819
3442 6973
1767 9095
6075 6346
953 2240
4985 5902
302 3461
3961 8982
7189 4586
6141 91
8551 6759
5097 7572
2866 9398
6366 4517
201 8320
4615 2120
8607 8889
3250 7821
4668 6915
1103 5836
7785 877
5695 6397
2322 2359
2733 5743
8759 6626
3427 4708
2919 8442
7192 3950
9722 5869
4106 2369
2729 1558
6145 2632
7625 2864
7294 1412
210 6139
4313 274
3482 305
2306 7673
1064 8699
5250 506
6664 623
5758 3574
4893 9906
9200 164
1696 9300
8098 8798
2808 8733
3106 6227
4732 3062
8771 9457
5065 1321
5532 2619
2312 3152
1225 2614
6136 9519
2885 1022
619 3599
5705 2105
5800 2570
7738 7718
3664 7129
9715 910
8041 5514
7465 4748
7198 6078
2941 8001
9928 5793
5441 5343
5090 3138
1262 1740
8681 6586
4028 2177
6414 7075
8179 9208
3028 1000
427 2161
5323 1053
5793 7935
1605 4621
4578 6797
5686 6476
5416 57
6577 4883
1094 4826
8158 361
7015 2661
1308 5998
9037 7078
3101 7538
4496 965
7335 8257
1720 6197
5651 780
2677 8875
0 7506
3737 468
8560 4464
6053 2204
1170 3970
5600 1530
5980 3353
1050 2667
3985 7765
852 9325
2015 8714
4834 4067
125 3612
9462 7429
4756 9218
4405 5797
2206 2219
4826 651
6623 6546
4101 6843
9944 6832
5907 9130
1937 2965
4984 3982
7206 9053
2211 7886
9927 3352
6859 1285
2672 9670
