7862 713 6685
2223 8323 8842
9345 5905 9871
351 1803 7142
4156 1572 3558
3005 3147 6615
3781 5402 2163
7303 5530 5330
3864 6857 6602
2715 6297 2786
8317 5790 2011
149 1604 9478
1889 723 309
6837 8678 409
5367 381 417
7732 3371 7034
3233 3449 393
5270 9900 5983
3787 558 5183
1355 8359 1465
2239 6630 9608
7085 2033 6013
5131 4007 9967
4080 1115 2424
6305 6943 6723
1754 1935 5149
4912 6131 3485
9568 9481 2847
2392 3047 5889
6027 6362 1045
4295 533 2363
8844 4597 2048
800 8281 8347
4404 2600 9364
7066 9153 2334
7969 8964 2956
9260 2032 8622
34 6443 2227
7979 2671 7148
6761 4692 8986
123 9104 7644
8922 9784 581
60 7461 2346
4674 953 3654
6801 508 3530
4121 2501 327
512 4423 4083
2933 6766 4329
2422 4261 4090
135 864 1925
4899 4039 3588
9361 4281 3496
1719 8144 9369
1752 7908 1502
609 4586 1079
4968 3232 5935
8697 3858 170
6821 6248 269
4902 7189 2338
3314 6499 5522
6491 9924 6597
420 9774 6913
65 7439 6226
34 2401 4356
958 8760 6515
2580 2323 2180
3250 7453 1028
8154 1438 7005
1755 8078 7791
3319 4458 7091
1158 8405 1645
3846 5260 7983
4905 189 4811
4165 4903 5793
9708 8662 1457
5813 5862 7488
3754 2322 4865
158 64 9045
4494 8336 8486
9591 8664 1695
9122 6745 2980
9135 8876 3996
2711 7111 3499
8531 7674 2134
7368 9084 2550
5234 8446 2776
5548 5942 2216
302 9565 2136
2225 999 8340
2599 9352 6924
9497 5314 1524
3115 5043 8158
2813 573 9785
7461 3101 8751
3989 5223 4648
2731 2789 979
6495 9259 9890
5710 4043 2722
9479 8819 7180
843 6909 7876
5655 111 7758
6574 9033 2359
609 4252 4041
4392 2421 7873
2990 8086 2840
3464 6313 4342
7488 9494 8209
7361 6104 93
7034 3787 1271
8801 3636 6223
977 1969 3664
1909 1805 2989
992 7414 6189
2288 2122 8537
6937 2103 6837
2016 2719 5956
9882 6014 2506
2838 3355 7414
9666 8294 4007
7665 9540 5246
1088 1807 615
7818 3414 451
4208 1081 6280
9850 2472 8899
8152 5200 7372
9672 423 4000
3256 5017 1067
5315 8919 7621
3717 8139 8614
6249 2242 3511
8982 3327 7873
942 1200 314
7921 9119 8688
6385 7807 1638
9675 31 3542
3606 4685 8155
42 9994 7871
6 4408 4522
4179 5772 2887
2994 4100 5275
1837 7959 8839
2769 868 9145
1025 7210 4000
7057 1750 1303
5311 6870 7209
9428 5640 8888
4079 110 3453
459 6206 2247
5640 8975 8918
3350 6763 5427
7426 4927 5018
3413 4548 9848
2799 6905 9162
4396 2581 7475
4154 2985 8243
6567 4694 7538
7313 4750 132
3999 8914 3990
1822 1378 1753
6591 7129 1893
226 7674 446
8573 9630 6823
6284 1898 2322
7361 6629 8734
9725 9682 7528
5977 6304 3220
4004 9072 4280
1380 6037 2013
5294 3427 6013
1028 1591 3170
8094 6208 9776
7269 4170 4907
7029 5581 3354
1420 283 2796
5216 9951 8120
1398 4273 9231
6461 5844 5073
8532 2587 8057
7613 8846 1636
8432 3278 6203
809 5256 307
9152 9266 421
8958 2456 5512
2621 8948 722
9866 2583 8788
1483 6163 6085
3892 3896 9153
6781 4566 5746
8096 9562 3621
1718 9656 5324
3270 8596 2303
7151 610 5026
2488 6064 685
7699 2439 1817
3719 3839 6895
4350 8665 3
9268 6129 2682
5551 4540 9382
7049 4027 689
4560 1055 9703
6799 7239 2799
188 9351 351
8419 2714 1973
3761 8995 99
5400 6192 1456
7335 3062 726
8850 3745 896
3617 2450 3527
2641 7719 4056
2921 101 6582
4337 7927 5008
981 899 5200
9018 3530 4488
6543 5931 5951
8030 5506 7133
2582 150 8347
7925 9713 965
9962 5710 7310
8807 3182 4789
9272 7546 1632
6295 5498 2613
5390 9424 1067
5091 4418 5292
6256 8317 9531
6238 2306 7814
4945 5587 6943
6393 58 7568
5708 4995 387
5617 4374 2217
7698 2174 7717
411 9745 5984
2856 248 433
3337 2639 6081
6066 7491 5731
3054 1668 1396
1433 3724 3403
9496 3861 7594
7845 2878 7487
4063 586 502
2225 9772 5050
8850 7392 2244
7574 5845 8571
3547 3382 2058
7380 1607 2948
861 327 2567
1836 2654 3327
8991 4184 650
8814 8202 8312
123 2565 6867
8496 8792 9661
9930 1112 2867
1031 7216 98
3487 5479 5823
2824 7885 341
1344 2115 2253
4646 6984 2551
4920 2227 7932
7175 3233 5587
4399 35 9190
3932 7451 3280
1704 5051 4590
2396 7449 495
81 9829 3111
2468 8349 7174
7503 6167 6299
308 7469 6087
6058 5477 5581
4315 3575 6565
1729 2755 7878
7279 6631 7180
908 9554 8028
2543 1119 2833
5751 8948 4665
1758 4565 7154
9440 2452 3877
757 9671 7065
9288 4091 2566
3103 7873 1974
7698 7388 1476
8025 667 4694
2616 2801 3198
5930 1560 8794
9146 4960 5048
3466 4557 8521
1421 4300 912
8427 4875 1123
2687 971 3083
813 7990 2540
4613 7804 1681
6054 4844 3730
1357 7726 8280
9970 9141 1763
3956 3509 891
5082 1611 4711
2017 5822 9533
4045 1681 3573
1061 9271 2513
352 5337 9696
1610 1803 4811
657 1316 3756
7113 3092 115
1317 2108 6831
241 1451 5158
9148 4470 1365
231 7604 9360
8372 8795 2168
3006 568 6122
8107 4992 5572
1217 1004 2388
8583 8360 7338
6951 3298 2192
7135 7969 8518
4595 699 3713
2702 3804 230
8414 1913 4800
1147 121 7733
336 3237 3007
2643 7650 748
7633 9006 8100
4543 100 1104
4443 1657 3090
7820 2196 1172
9173 3096 9635
841 3776 8096
8454 304 6764
5892 9692 3079
771 69 883
4654 8247 5122
4330 4308 5647
1444 9502 8962
418 52 598
2609 8258 2147
7139 594 9716
3628 1974 7024
8097 9494 9461
4911 4188 7346
3984 1740 9313
5021 3771 31
221 9788 3409
7968 3489 7888
5524 7729 3593
672 423 3724
7497 5845 2045
4616 8752 9097
3362 7143 8095
3858 6556 8753
5661 9419 120
8301 7459 7761
9649 5396 6281
567 2388 8470
8737 9171 7105
1828 8103 4244
3431 7425 9071
5736 7414 8343
5300 9367 2987
215 1658 6627
1935 6362 3231
4656 2306 4069
7767 7223 269
5832 1023 5026
7442 6929 3456
3575 5879 9580
1992 1534 9040
3850 427 9131
9682 9924 2004
1776 3000 8091
4773 9434 3738
9653 8631 6025
5238 4081 6865
3035 4060 879
3975 7599 6402
4044 8294 484
4886 1725 3488
3407 8223 123
7587 8085 5935
4100 4974 2381
2065 5991 4223
2177 1058 1589
1287 7789 8297
7431 8337 1797
2715 8956 7474
8160 9875 2828
2729 5637 1630
1519 6889 1275
4603 1366 1211
3614 2065 546
89 1137 9107
4483 970 8068
6656 1797 6540
4813 2756 504
2186 7455 3388
1691 691 9266
2649 9427 8210
3107 1371 9336
751 545 9101
2947 7574 9691
378 7673 5723
7751 7341 7199
2689 8231 7986
9405 1503 8077
6287 7916 2880
1125 9332 9434
7887 2912 674
1944 965 2638
2335 6982 9766
9770 3732 425
8967 3708 4223
6849 4435 5083
4781 4435 114
6189 9001 2460
1280 3243 7923
132 6820 3455
6456 9625 1212
9667 5060 4662
9016 8433 6707
3085 5416 359
7432 2918 4499
7560 438 7794
3854 9437 3481
7796 6344 4897
9320 1698 3910
8214 664 7722
4714 2203 161
6311 3314 4107
9213 9300 8648
9561 7832 6001
8376 1696 9019
9755 8756 6082
7961 3719 2805
128 6278 7382
9973 8660 3280
6314 347 3362
751 801 7768
8985 8370 3212
197 1121 9604
391 8347 1137
9146 4293 1605
7479 9420 4648
5878 9564 2941
7827 253 6945
4916 4586 5924
2779 6337 4654
826 2898 8953
5286 8809 7030
8232 9390 3325
5806 9557 7635
6478 7569 5371
1667 982 1985
5777 2494 9239
8632 435 782
420 2923 548
823 4068 3784
7288 7417 4783
4950 9565 5448
2184 3859 5483
4574 9246 29
1322 72 7
5306 1349 2684
1573 3249 3603
3939 7001 3843
5414 2194 2463
8171 4865 5886
6482 7409 5321
9541 8517 2140
2851 1527 8004
9923 9483 7122
6501 1202 3247
9210 7309 362
775 5113 1573
7863 9250 819
180 3348 415
940 9535 7370
2985 4013 8994
9597 8091 1837
4707 1781 1554
7866 2454 9821
4679 1650 3765
6481 7437 5799
595 6203 4884
2100 7396 9751
4312 8618 8158
4502 9361 5169
1724 1911 1991
633 6937 5470
8128 6904 3111
1410 4502 5528
8807 2908 2659
1751 3184 7600
7053 3699 5910
4616 344 3332
2486 884 6617
9242 5284 9473
3678 205 2419
6385 6142 543
7829 4046 4712
8295 8353 533
2687 9185 1701
9356 3292 4487
7092 2560 5434
558 7448 5661
9258 7107 1566
8659 8147 6052
8853 8885 1620
3637 7731 4297
3108 2422 6765
2115 3922 9137
2887 8758 5346
5377 1928 1159
1630 3130 7592
2129 2149 2723
4038 3120 2757
6757 7126 9035
8976 9170 5898
8659 9442 9467
8913 9050 1454
7403 6247 870
7722 4976 8638
6296 7670 8690
315 3881 5178
407 7028 5017
8460 6724 6735
8896 9599 4610
1540 6350 5295
7729 3139 4751
3239 4227 9315
5878 6464 2878
9705 4227 6882
6722 4406 7173
4085 7742 5450
4066 6442 3245
3857 8568 2141
880 199 2718
2731 16 9451
6843 5863 9896
5574 9993 1837
3886 3057 3442
9374 4437 7416
2299 702 2801
8134 1738 2317
9562 4810 1856
9160 7473 9908
2049 3871 4570
2610 2358 4028
6596 3147 6447
3427 2861 8363
6986 1147 4412
5335 198 4685
2007 4692 2005
5829 1558 7866
9339 2745 8461
400 3169 5206
7594 7683 8390
9987 3525 6121
7266 1275 698
9414 2777 1289
969 8871 7840
4437 1148 590
7904 4226 4611
7171 7152 2780
7903 6220 2313
6704 3271 9612
5566 6195 9977
1241 5833 5178
9973 6998 7622
8291 8068 8923
3986 2593 1914
715 4859 2686
25 4901 1597
7870 2496 8942
594 422 530
5609 2084 7304
3807 562 8004
1085 3847 6582
1312 9728 3037
2661 4464 4150
2968 9613 6157
5688 3184 4558
866 7188 1360
9627 6678 8369
8015 7696 3699
1035 646 5411
4648 4363 4913
317 4484 7506
918 2901 8746
5332 9403 5131
9648 7363 437
7446 4902 2883
2784 4905 7237
5971 4742 4896
5944 4180 3884
9635 3069 6151
2882 276 9081
7626 8013 100
9236 2651 5129
8651 4770